0.5660722890537326 8218947.009232671 2739649.003077557 13698245.015387785
0.7126427896022373 6865385.524810772 4119231.314886463 10984616.839697236
0.8971641173621405 6193518.442136337 3440843.5789646315 8946193.305308042
1.1294627058970832 5173520.62405634 3104112.3744338043 6898027.498741788
1.4219093021276399 3457203.31957925 2281754.190922305 4667224.481431987
1.790077753714996 2339153.326566377 1732706.1678269461 3205506.41047985
2.253574373239229 1476297.3586015704 1042092.2531305203 1997343.4851668305
2.8370820458389785 892234.0281152813 696377.7780411951 1131613.889316942
3.5716746828516737 479896.52168696426 362103.73909107305 665311.0868842005
4.496472020903845 284248.55742830114 207720.09965914316 371709.6520216246
5.660722890537325 150680.69516926553 112873.53892679527 202186.0964271235
7.12642789602237 82384.62629772948 63161.54682825927 115338.47681682128
8.9716411736214 44730.96652654036 31793.3946696333 61935.18442136358
11.294627058970825 23798.194870659187 16555.265996980303 33386.45309391027
14.219093021276393 12445.931950485294 8643.008298948122 17631.736929854167
17.90077753714995 6324.377512568376 4245.130111176033 8750.166147526108
22.535743732392273 3082.8562488444627 2040.76399571394 4715.467445415613
28.370820458389765 1566.8500005926905 957.5194448066443 2350.2750008890357
35.716746828516726 774.3784781766909 460.2643912543149 1391.6999128921934
44.96472020903842 377.1759704337095 196.78746283497887 1011.2689062353081
56.60722890537319 213.69262224004999 106.84631112002499 786.2792638832609
71.26427896022365 148.29232733591303 56.296161303448464 537.6969943031809
89.71641173621398 102.53713865314619 41.97829166336857 477.03855378765684
112.94627058970826 97.6070891071964 29.178656319677792 308.9626516686444
142.19093021276385 65.34114274004824 20.432071618713497 324.35481544292674
179.00777537149938 57.006032921506666 18.990459599383378 478.9373118490471
225.35743732392268 49.846746108076594 15.666120205395499 296.04104091016205
283.7082045838975 41.34743057119626 14.702275838894838 293.6755660833123
357.16746828516693 41.36926151724221 14.039154607169568 387.25031682746953
449.647202090384 47.67722919018557 11.535025113176978 346.33500195273734
566.0722890537319 45.89733974855845 13.439074219696687 280.3849937815677
712.6427896022365 38.367893543957585 11.784296945627226 164.40923177853784
