0.5660722890537326 17807718.52000412 13698245.015387785 30136139.033853125
0.7126427896022373 19909618.02195124 10984616.839697236 30207696.3091674
0.8971641173621405 17548302.25271962 13075205.6000656 24085905.05275242
1.1294627058970832 16210364.6220432 9312337.123301413 18624674.246602826
1.4219093021276399 11754491.28656945 9507309.128842937 14174533.610274926
1.790077753714996 8490260.222352035 6411012.8209597 11089319.474092456
2.253574373239229 5992030.455500491 4776256.160181551 7468327.814102062
2.8370820458389785 3623340.626370594 2763749.3066009935 5048738.890798665
3.5716746828516737 2372215.760611698 1897772.6084893588 3108420.6518360185
4.496472020903845 1355646.9661965133 1071398.408768212 1809351.3943993784
5.660722890537325 868468.733975585 673953.6547570785 1161611.1773048833
7.12642789602237 502546.2204161498 380342.3580745178 660450.0874867981
8.9716411736214 279052.41425403254 238106.3756643533 389503.49313879764
11.294627058970825 158827.08315852977 120025.67847810719 223151.189584297
14.219093021276393 92220.89854977645 73984.15103899591 132583.74730586418
17.90077753714995 52284.40861417828 42364.66580336898 72773.65904873199
22.535743732392273 29243.71385347529 23186.552632154126 38731.095408017754
28.370820458389765 16332.23507562242 11120.282643095346 20107.908340939528
35.716746828516726 7678.344346991414 5366.1156515905905 10710.417824922682
44.96472020903842 3867.4202765485434 2558.2370168547254 5684.971148566056
56.60722890537319 1869.8104446004374 1065.7234621971725 2819.0988241668133
71.26427896022365 985.1828228103482 527.2616083054686 1467.8194252045466
89.71641173621398 397.07334901251915 218.83765162215093 669.5881604665184
112.94627058970826 234.18803358228394 113.81745372923962 351.4545010608945
142.19093021276385 128.86725373731736 75.88561286476502 242.69567303446487
179.00777537149938 89.45095591406633 45.91671344741419 303.39684998649903
225.35743732392268 71.68726291327043 26.26940888099855 296.90945112110427
283.7082045838975 47.331927101237824 25.417788898503808 124.84747851944893
357.16746828516693 58.00203868934723 14.385988911479691 147.4918332448369
449.647202090384 41.77360530513623 18.06071603352134 124.29314805393712
566.0722890537319 26.921160928741696 14.71739444453268 62.19551166786688
712.6427896022365 24.396834000967626 13.677221042528057 49.30857191629606
