0.5660722890537326 16437894.018465342 13479073.09514158 19287128.981666
0.7126427896022373 19223079.469470162 14719386.565194296 19332925.637867134
0.8971641173621405 13763374.315858526 12910045.108275298 20094526.50115345
1.1294627058970832 13451153.622546487 12057752.067800645 16651838.381962676
1.4219093021276399 11408770.954611525 10012060.813501507 11975752.299022522
1.790077753714996 8490260.222352035 7599649.252088985 10247224.27652856
2.253574373239229 6382815.050424437 5510931.198638568 7475275.095789598
2.8370820458389785 4374122.918321257 3413992.056846959 5247206.557540406
3.5716746828516737 2650337.608407553 2255077.3823635625 3348368.912679501
4.496472020903845 1809351.3943993784 1477873.845890683 1916709.888012683
5.660722890537325 1093119.9522279445 877673.9546259256 1257060.5485721054
7.12642789602237 656330.8561719116 568069.4598649441 788365.9505850726
8.9716411736214 379180.9624019037 310143.8768335571 492426.006272788
11.294627058970825 219357.274459989 174796.01681811703 301512.78197000374
14.219093021276393 142263.91660068606 97831.93953745357 177783.22350604326
17.90077753714995 80310.93087877924 57421.882401785195 98577.11930001096
22.535743732392273 45591.53607446036 33645.685212740806 56161.82516204763
28.370820458389765 28246.823621796008 18975.423979400035 34332.29492965351
35.716746828516726 14745.911302744875 11478.688529186993 20751.161867309467
44.96472020903842 11752.584585977906 10138.490085258112 14939.229567485663
56.60722890537319 11142.152495516453 8304.971987929328 17807.06100424343
71.26427896022365 12143.493916285322 7572.025926108513 17156.159041828574
89.71641173621398 13125.441916318505 2735.718386014572 24851.891886927253
112.94627058970826 9220.593357568157 2949.472393967014 15335.239465387842
142.19093021276385 3088.6654457121217 1543.9386016776286 6163.951514577471
179.00777537149938 2094.581850977609 631.5921906469374 3141.7185656174775
225.35743732392268 681.615174568455 276.17702574507257 1633.807865841828
283.7082045838975 231.56737300426286 149.97888205673328 494.05827171466774
357.16746828516693 105.91534368413896 75.43057154832228 170.40427453799845
449.647202090384 99.53072564720236 77.96478759511707 105.00579016874441
566.0722890537319 50.74103918599958 48.27393046574817 68.22942421820504
712.6427896022365 33.16667747036093 27.592863193561744 74.95364285184269
