0.5660722890537326 10958596.012310227 5479298.006155114 19177543.0215429
0.7126427896022373 10984616.839697236 6865385.524810772 17850002.364508007
0.8971641173621405 10666615.094790358 6881687.157929263 15497559.479656696
1.1294627058970832 8105182.3110216 5339073.284026144 11561094.087891234
1.4219093021276399 6309396.058232131 3975783.8175161374 8124427.801011237
1.790077753714996 4028541.84019765 2987185.433333655 5891200.970611617
2.253574373239229 2778912.6750147208 2039027.1752920514 3909582.7696613353
2.8370820458389785 1664778.1256297322 1142059.5559875602 2374648.223120475
3.5716746828516737 976153.1520678024 708065.5042708572 1396062.608543896
4.496472020903845 604028.1845351399 461575.9267162644 787368.5040763943
5.660722890537325 364373.3174093148 271115.6653445548 445576.5138605335
7.12642789602237 194976.94890462645 160595.09819637402 283567.8837167849
8.9716411736214 115956.42861110848 95297.60376300476 164252.10908545618
11.294627058970825 65186.359863109945 52397.41688044266 92792.2659130746
14.219093021276393 36992.07551949796 29206.45364380549 50682.60066503177
17.90077753714995 19492.944388053213 14329.480007928896 26011.384991418203
22.535743732392273 10486.053297125884 7727.114056962825 14330.505300966568
28.370820458389765 5353.404168691693 3437.4948068558533 7956.116114120661
35.716746828516726 2524.9101084211825 1744.2057215495267 4084.791938686398
44.96472020903842 1229.921642718618 892.1031648519042 1768.9006381499767
56.60722890537319 671.2140057540032 432.5357846058858 1021.8890781479313
71.26427896022365 365.925048472415 204.53356555516302 644.8519315744277
89.71641173621398 237.76229130645643 105.62013449989851 454.71436064733473
112.94627058970826 161.58629415802656 58.564253464317844 434.28601526578575
142.19093021276385 112.5319680523053 37.8771195693105 442.23853423394127
179.00777537149938 103.70246414444298 31.54564849145746 372.9338139137302
225.35743732392268 75.09577299121818 26.710561268157143 298.81300630348915
283.7082045838975 74.7300403060463 18.93799367383044 205.60989132777684
357.16746828516693 57.7511836893745 20.490708936903054 126.80567554273767
449.647202090384 45.26384961125105 16.323082736688484 109.86250475151166
566.0722890537319 32.26073683573987 15.193326269347315 101.86409502898826
712.6427896022365 33.29162748691249 15.460958048042299 92.10469404684076
