1.1294627058970836 11036843.997986844
1.4219093021276406 5531525.3113267915
1.7900777537149968 5544659.73704622
2.25357437323923 7642009.856290469
2.83708204583898 6615588.891391342
3.5716746828516763 5147980.869005593
4.496472020903848 4416785.276962823
5.660722890537329 3791674.2202593354
7.126427896022374 3295385.0519091687
8.971641173621407 2488418.07630722
11.294627058970837 1644489.7557000387
14.219093021276407 904404.3884019286
17.90077753714997 501791.7062026836
22.535743732392305 254270.509763846
28.3708204583898 98363.36114831876
35.71674682851676 40747.577386874764
44.96472020903849 17142.374540291326
56.60722890537329 4514.941557071815
71.26427896022375 681.0462440612275
89.71641173621408 93.59094534783797
112.94627058970838 33.11053199396049
142.1909302127641 0.0
179.00777537149975 0.0
225.35743732392314 0.0
283.7082045838981 0.0
357.1674682851676 0.0
449.6472020903849 0.0
566.0722890537331 0.0
712.6427896022379 0.0
