1.1294627058970836 8277632.998490132
1.4219093021276406 13828813.27831698
1.7900777537149968 9703154.539830886
2.25357437323923 13199835.2063199
2.83708204583898 9575194.448066415
3.5716746828516763 9772438.259807225
4.496472020903848 8833570.553925646
5.660722890537329 5545049.58222897
7.126427896022374 3591969.7065809937
8.971641173621407 2356289.682874978
11.294627058970837 1434789.7197382888
14.219093021276407 867066.5925504728
17.90077753714997 462979.08804336
22.535743732392305 296996.29214219714
28.3708204583898 156336.81117024823
35.71674682851676 93274.43303333859
44.96472020903849 48278.52421551435
56.60722890537329 24985.598908067324
71.26427896022375 12445.570879376948
89.71641173621408 6457.775229000819
112.94627058970838 2392.2359365636457
142.1909302127641 519.9633792647174
179.00777537149975 68.61516424594687
225.35743732392314 0.0
283.7082045838981 0.0
357.1674682851676 0.0
449.6472020903849 0.0
566.0722890537331 0.0
712.6427896022379 0.0
