1.1294627058970836 13796054.997483555
1.4219093021276406 16594575.933980376
1.7900777537149968 18713226.612530995
2.25357437323923 11463014.784435704
2.83708204583898 11490233.337679697
3.5716746828516763 6020519.999345523
4.496472020903848 5597510.053972687
5.660722890537329 4164266.484677883
7.126427896022374 1922307.9469470151
8.971641173621407 1189155.5408901758
11.294627058970837 783615.9238570655
14.219093021276407 436990.49959481566
17.90077753714997 300104.70826762705
22.535743732392305 176460.9548634341
28.3708204583898 102541.62781656593
35.71674682851676 62735.56347144102
44.96472020903849 32141.952263046238
56.60722890537329 18147.43499638574
71.26427896022375 10819.84758710176
89.71641173621408 5125.480595225715
112.94627058970838 1487.2147287287255
142.1909302127641 181.1574539459521
179.00777537149975 8.316989605569317
225.35743732392314 0.0
283.7082045838981 0.0
357.1674682851676 0.0
449.6472020903849 0.0
566.0722890537331 0.0
712.6427896022379 0.0
