1.1294627058970836 19314476.996476978
1.4219093021276406 17977457.261812072
1.7900777537149968 10396237.006961664
2.25357437323923 9726194.362551507
2.83708204583898 8182438.891984028
3.5716746828516763 6282281.738447502
4.496472020903848 4679168.560742793
5.660722890537329 3177992.8435699632
7.126427896022374 2383661.8542142985
8.971641173621407 1227692.9889745796
11.294627058970837 736709.3368656214
14.219093021276407 492305.7527080835
17.90077753714997 263371.3375096958
22.535743732392305 156661.2020539543
28.3708204583898 88091.78892221114
35.71674682851676 50869.03129881796
44.96472020903849 29999.15544550982
56.60722890537329 14005.085703732473
71.26427896022375 6272.216215467111
89.71641173621408 2400.3324806857268
112.94627058970838 802.930400853542
142.1909302127641 107.86474357087225
179.00777537149975 1.386164934261553
225.35743732392314 0.0
283.7082045838981 0.0
357.1674682851676 0.0
449.6472020903849 0.0
566.0722890537331 0.0
712.6427896022379 0.0
