1.1294627058970836 11036843.997986844
1.4219093021276406 13828813.27831698
1.7900777537149968 14554731.809746329
2.25357437323923 14936655.628204098
2.83708204583898 9923383.337087013
3.5716746828516763 9510676.520705247
4.496472020903848 7915229.060695752
5.660722890537329 6158730.958918342
7.126427896022374 3646892.79077948
8.971641173621407 2108548.945189525
11.294627058970837 1310625.224760937
14.219093021276407 698355.070555006
17.90077753714997 391591.59392888984
22.535743732392305 187923.9696478698
28.3708204583898 90703.20558986561
35.71674682851676 38217.21390888897
44.96472020903849 17448.488371367956
56.60722890537329 7517.596864444818
71.26427896022375 1713.600226992766
89.71641173621408 187.18189069567595
112.94627058970838 16.555265996980246
142.1909302127641 0.0
179.00777537149975 0.0
225.35743732392314 0.0
283.7082045838981 0.0
357.1674682851676 0.0
449.6472020903849 0.0
566.0722890537331 0.0
712.6427896022379 0.0
