1.1294627058970836 27592109.99496711
1.4219093021276406 17977457.261812072
1.7900777537149968 14554731.809746329
2.25357437323923 18757660.556349333
2.83708204583898 13927555.560823876
3.5716746828516763 11430262.607453095
4.496472020903848 7303001.398542489
5.660722890537329 6838163.911681576
7.126427896022374 3657877.4076191774
8.971641173621407 2416848.5298647555
11.294627058970837 1335458.1237564073
14.219093021276407 813134.2207650368
17.90077753714997 458127.51077344455
22.535743732392305 240375.94638877246
28.3708204583898 146065.2389441406
35.71674682851676 73206.03303552019
44.96472020903849 44124.1222223315
56.60722890537329 21632.268528300392
71.26427896022375 10589.170633468118
89.71641173621408 4778.64356246608
112.94627058970838 1647.2489666995345
142.1909302127641 313.91406141779487
179.00777537149975 4.851577269915435
225.35743732392314 0.0
283.7082045838981 0.0
357.1674682851676 0.0
449.6472020903849 0.0
566.0722890537331 0.0
712.6427896022379 0.0
