1.1294627058970836 16555265.996980265
1.4219093021276406 19360338.589643773
1.7900777537149968 17327061.67826944
2.25357437323923 12505107.037566222
2.83708204583898 10445666.670617906
3.5716746828516763 11168500.868351115
4.496472020903848 7040618.1147625195
5.660722890537329 4536858.74909643
7.126427896022374 3273415.818229774
8.971641173621407 2059000.797652434
11.294627058970837 1214052.839778552
14.219093021276407 716332.5278168181
17.90077753714997 426938.7997525595
22.535743732392305 248712.68441381658
28.3708204583898 138579.17783019776
35.71674682851676 78703.02955666174
44.96472020903849 42593.55306694835
56.60722890537329 24547.255067574915
71.26427896022375 12269.817009941793
89.71641173621408 5962.293753629913
112.94627058970838 1862.4674246602779
142.1909302127641 287.63931618899267
179.00777537149975 68.61516424594687
225.35743732392314 14.589291543827205
283.7082045838981 0.0
357.1674682851676 0.0
449.6472020903849 0.0
566.0722890537331 0.0
712.6427896022379 0.0
