1.1294627058970836 22073687.995973688
1.4219093021276406 6914406.63915849
1.7900777537149968 11089319.47409244
2.25357437323923 10073558.446928345
2.83708204583898 7660155.558453132
3.5716746828516763 6805805.216651461
4.496472020903848 5991084.979642641
5.660722890537329 3923177.372407058
7.126427896022374 2834031.144641885
8.971641173621407 1679131.666534739
11.294627058970837 1056777.8128072396
14.219093021276407 607084.9029181142
17.90077753714997 422780.3049497749
22.535743732392305 231691.84427935147
28.3708204583898 131093.1167162549
35.71674682851676 76870.6973829479
44.96472020903849 44167.85276962816
56.60722890537329 26322.54762156917
71.26427896022375 12862.986319285443
89.71641173621408 5411.758780995572
112.94627058970838 2022.501662631087
142.1909302127641 264.13033361585383
179.00777537149975 9.70315453983087
225.35743732392314 0.0
283.7082045838981 0.0
357.1674682851676 0.0
449.6472020903849 0.0
566.0722890537331 0.0
712.6427896022379 0.0
