1.1294627058970836 8277632.998490132
1.4219093021276406 6914406.63915849
1.7900777537149968 5544659.73704622
2.25357437323923 6947281.68753679
2.83708204583898 5571022.224329551
3.5716746828516763 4624457.390801634
4.496472020903848 3673365.9729195754
5.660722890537329 3397164.7638161676
7.126427896022374 2504492.6394509682
8.971641173621407 1684637.0162610824
11.294627058970837 1169905.4637866048
14.219093021276407 683143.3759488574
17.90077753714997 412384.06794281316
22.535743732392305 219534.1013261621
28.3708204583898 136664.13894058447
35.71674682851676 69803.13042719445
44.96472020903849 38526.61216835882
56.60722890537329 20470.65735099551
71.26427896022375 11665.663083758445
89.71641173621408 5962.293753629913
112.94627058970838 2298.4227625807575
142.1909302127641 405.18422905468674
179.00777537149975 15.940896744007858
225.35743732392314 0.0
283.7082045838981 0.0
357.1674682851676 0.0
449.6472020903849 0.0
566.0722890537331 0.0
712.6427896022379 0.0
