1.1294627058970836 22073687.995973688
1.4219093021276406 15211694.606148677
1.7900777537149968 24257886.349577215
2.25357437323923 16326111.965711456
2.83708204583898 15146216.672395965
3.5716746828516763 12564563.476895005
4.496472020903848 9926834.236342186
5.660722890537329 6224482.534992204
7.126427896022374 4349908.268520103
8.971641173621407 2576503.671928714
11.294627058970837 1363050.2337513743
14.219093021276407 806219.8141258783
17.90077753714997 431790.377022475
22.535743732392305 248365.32032943974
28.3708204583898 107764.46115187489
35.71674682851676 51130.79303791994
44.96472020903849 17273.566182181312
56.60722890537329 5062.871357687326
71.26427896022375 1493.9078901988216
89.71641173621408 198.19259014836274
112.94627058970838 30.351320994463787
142.1909302127641 0.0
179.00777537149975 0.0
225.35743732392314 0.0
283.7082045838981 0.0
357.1674682851676 0.0
449.6472020903849 0.0
566.0722890537331 0.0
712.6427896022379 0.0
