0.5660722890537326 8218947.009232671 2739649.003077557 13698245.015387785
0.7126427896022373 6865385.524810772 4119231.3148864633 12357693.94465939
0.8971641173621405 6193518.442136337 3440843.578964632 10322530.736893894
1.1294627058970832 4828619.249119251 3104112.3744338043 7242928.873678878
1.4219093021276399 3457203.31957925 2247182.1577265128 5012944.813389912
1.790077753714996 2339153.326566377 1646070.8594355988 3174317.699458964
2.253574373239229 1476297.3586015704 1057723.636927478 1953922.9746197253
2.8370820458389785 848710.4169877066 652854.1669136204 1145541.4448777656
3.5716746828516737 507163.3695100872 381735.8695237216 676217.8260134497
4.496472020903845 284248.55742830114 209687.97428749292 391607.05104160565
5.660722890537325 156159.99317542065 123284.20513848998 209966.69959586376
7.12642789602237 86503.85761261596 63655.85458604565 116711.55392178343
8.9716411736214 47483.64138971208 34408.435789646435 65816.45597843568
11.294627058970825 24832.898995470456 16900.167371917392 33110.531993960605
14.219093021276393 12618.792116464258 8643.008298948122 17915.227602059662
17.90077753714995 6540.965783546744 3985.2241860019903 9034.329959049726
22.535743732392273 3039.4357382973576 2056.395379510898 4645.994628540247
28.370820458389765 1577.7309033745842 1044.5666670617939 2372.0368064528234
35.716746828516726 790.7385868705646 425.36282604071755 1388.2097563708337
44.96472020903842 393.57492566995774 204.22165587541141 1031.1663052552892
56.60722890537319 216.43227124312756 95.88771510771474 724.1440244934613
71.26427896022365 145.54617312598873 56.79046906123484 584.2168466192987
89.71641173621398 108.04248837948961 41.09743570715362 495.28878813048556
112.94627058970826 97.08973704479077 29.689110354584685 346.15681594186026
142.19093021276385 68.53905581065908 20.397499585517703 352.0954148792308
179.00777537149938 59.215233285486036 18.93154758967726 473.8327594786283
225.35743732392268 54.14537665223999 15.650488821598543 268.9431686879248
283.7082045838975 42.413759043821855 14.65527033887706 304.461587392948
357.16746828516693 42.465388799731755 13.99596392021774 420.32696644996116
449.647202090384 47.81662030969368 11.671027115269595 340.1536890923544
566.0722890537319 49.62874169075009 13.583618101099061 309.6604446846146
712.6427896022365 38.61092819153589 12.014095129913693 174.33482170871966
