0.5660722890537326 24656841.02769801 12931143.294526068 37149640.48173167
0.7126427896022373 20596156.574432317 14719386.565194298 33338312.10848111
0.8971641173621405 12042952.52637621 8753506.064886022 24333645.79043787
1.1294627058970832 12416449.497735217 9312337.123301413 15796482.972118692
1.4219093021276399 7173696.888126944 6105421.0623769555 12252328.564588856
1.790077753714996 5544659.737046228 4418400.727958713 8355109.141261534
2.253574373239229 3669033.1412303736 2990804.766484593 5170514.395949265
2.8370820458389785 2208823.2647244157 1819286.9451326225 3170259.8345325408
3.5716746828516737 1417876.0868023946 1115977.547704777 1925693.8606602366
4.496472020903845 825414.0802244899 678698.0940441899 1080800.4764369943
5.660722890537325 467110.15502472315 372592.2644185475 637023.1861955931
7.12642789602237 274615.42099243164 224250.95278241966 428400.05674819334
8.9716411736214 165160.49179030288 122989.51288651221 203532.77938291657
11.294627058970825 85707.99167186677 76830.2302809861 106105.45898564624
14.219093021276393 46153.664316382965 41970.44829969208 57603.92171082943
17.90077753714995 26943.580909709108 21360.801636970667 36383.36411203034
22.535743732392273 16695.186305361913 12300.162227783934 40151.81451311903
28.370820458389765 11881.945837827905 7897.794475209712 22917.792675335753
35.716746828516726 8578.150325154471 4750.539295135767 16404.60818952109
44.96472020903842 6862.962766369888 2489.1427521259993 13480.378509669017
56.60722890537319 7290.205997189398 1987.7797306729572 14821.939450490114
71.26427896022365 7378.916362066635 1223.2469312686871 11952.965737200775
89.71641173621398 5566.252657691093 1210.7365118174448 13124.368373121866
112.94627058970826 4768.261508505266 827.7219116840231 15133.196239949692
142.19093021276385 2371.3821869824123 375.72194236523615 17781.240230206175
179.00777537149938 1142.5464470650911 143.17697605987658 11015.10766892445
225.35743732392268 1842.7013368533176 73.27992724013825 11863.167788715316
283.7082045838975 707.0845863785837 60.35332107838573 6301.338843855862
357.16746828516693 234.67485247449036 40.02729633477938 2495.2900225635394
449.647202090384 85.66267583574847 29.09043467268539 1061.9219991690284
566.0722890537319 82.738769717444 24.475147505813986 490.97282659941084
712.6427896022365 74.69058874007405 20.402607625716907 201.8336565821339
