0.5660722890537326 32875788.036930684 18739199.18105049 40327633.32530163
0.7126427896022373 24715387.88931878 18618925.543286815 28450157.61481584
0.8971641173621405 24774073.76854535 16405942.184503362 27829542.86666594
1.1294627058970832 16900167.37191738 13051068.027619462 26074543.945243955
1.4219093021276399 14520253.942232851 11132194.689045185 17576421.676740907
1.790077753714996 9529883.923048204 8847197.692924388 11622992.973783154
2.253574373239229 6860440.666442592 6059766.4519539755 8470473.197529245
2.8370820458389785 4243552.084938533 3294737.3623574045 5235890.418647236
3.5716746828516737 2661244.347536802 2062246.2345584366 3342697.408332291
4.496472020903845 1836682.9864597921 1322630.4029875337 2066705.6652402328
5.660722890537325 1139693.985280263 930056.0435647684 1262101.502737768
7.12642789602237 724984.7114200195 544672.2259963889 814948.72333714
8.9716411736214 439051.6406758885 333596.6666677801 494545.5659174302
11.294627058970825 221426.68270961154 188178.19016567612 284736.7790930637
14.219093021276393 141399.61577079125 103280.49196911047 175729.6447342132
17.90077753714995 82563.44889695427 63867.549346101456 100763.79448380858
22.535743732392273 48761.233344399036 37652.529926027666 61650.17769520172
28.370820458389765 29726.626400133548 20927.022702360486 39942.488403997886
35.716746828516726 16861.818693819212 14056.605389776327 26924.812484029662
44.96472020903842 12424.941750664082 9589.45306394852 21376.80343502727
56.60722890537319 11596.93423002733 7279.904916937827 23345.645014825153
71.26427896022365 12912.417095064131 6208.889899386282 23331.600782937974
89.71641173621398 12608.627210758017 3646.7436587298816 22455.41315104996
112.94627058970826 9339.92923329639 3418.2899348915016 17371.70273567639
142.19093021276385 4408.798533293467 1827.8925391279527 9929.599599922965
179.00777537149938 2388.795358274625 724.9296064954395 3873.378002868756
225.35743732392268 788.5164715354276 356.00650279613615 3584.1130435227697
283.7082045838975 235.54978342243598 171.75113328719144 901.2173014520191
357.16746828516693 120.14863824780916 77.84575986110322 296.2588824286655
449.647202090384 96.27279987360104 80.36996769643349 152.47989096673697
566.0722890537319 50.39858306061489 47.95098064126539 233.64910226614796
712.6427896022365 33.10214284642771 26.69168522803298 84.76356476670273
