0.5660722890537326 10958596.012310227 5479298.006155114 23780153.346713193
0.7126427896022373 8238462.629772927 5492308.419848618 15103848.1545837
0.8971641173621405 8946193.305308042 4129012.294757558 13763374.315858526
1.1294627058970832 5518421.99899343 3793915.124307983 10581574.183069903
1.4219093021276399 4494364.3154530255 3111482.987621325 6803776.1329319645
1.790077753714996 2945600.4853058085 2165882.7097836826 4477312.737664829
2.253574373239229 1780240.9324313055 1316509.8797882241 2808438.622186752
2.8370820458389785 1131613.889316942 840876.1669847431 1642581.083954669
3.5716746828516737 621684.1303672037 475970.0956004346 961101.8520694384
4.496472020903845 366243.3336095419 251450.64695580484 499402.8501278768
5.660722890537325 191775.43021542885 139722.09915695532 267608.91462061554
7.12642789602237 104353.85997712401 68598.93216390943 139614.48003255224
8.9716411736214 52988.991116055506 33692.74032522179 81671.86319030478
11.294627058970825 33800.334743834785 17686.542506773956 55004.87127496705
14.219093021276393 19014.618257685866 11457.171801085628 36196.91875599473
17.90077753714995 14987.908351703136 7450.636521655894 31795.158179624574
22.535743732392273 11028.809678964697 4887.4126671821505 28094.80714439889
28.370820458389765 9444.623614683718 4098.1832237724375 28179.797260659543
35.716746828516726 10088.73369455548 3111.9108083573724 28380.207753436676
44.96472020903842 9511.394037023978 2858.8845295192764 29335.763043019753
56.60722890537319 8909.338558008238 2521.6825283927133 27406.133595266474
71.26427896022365 7631.562549379672 2498.780638694333 26241.48070685798
89.71641173621398 6866.54744618183 1979.9990290794108 19796.356759974722
112.94627058970826 6836.6350540029935 936.5176013941787 19192.561258464266
142.19093021276385 4800.845389733756 376.12297795030736 18515.78530511054
179.00777537149938 3038.906712443297 214.3114950738442 15321.811226480382
225.35743732392268 1312.5151928178914 103.3755515105477 12957.977752111294
283.7082045838975 466.42077864865763 55.883446215583774 5670.373571450517
357.16746828516693 199.41881823919232 44.87599628207841 2534.2362429158275
449.647202090384 99.49792773672985 54.16793567269261 997.7111246569211
566.0722890537319 85.12911347262919 29.570565893657886 479.01721752190065
712.6427896022365 106.92975262603302 24.160390123493144 228.27456300771655
