0.5660722890537326 26026665.529236794 21917192.024620455 32875788.036930684
0.7126427896022373 22655772.23187555 16476925.259545853 32953850.519091707
0.8971641173621405 20645061.47378779 16516049.179030232 24774073.76854535
1.1294627058970832 16210364.6220432 12416449.497735217 19314476.996477004
1.4219093021276399 11668061.20357997 9680169.2948219 16248855.602022475
1.790077753714996 8446942.568156362 6844189.362916437 10222966.390178982
2.253574373239229 5514404.839482337 4342051.054710501 6686758.624254172
2.8370820458389785 3634221.5291524874 2611416.6676544817 4657026.390650493
3.5716746828516737 2383122.499740948 1810518.695455365 2824845.4344755397
4.496472020903845 1347447.4885783892 1000336.2694111367 1771087.1655147995
5.660722890537325 850661.0154555808 673953.6547570785 1101338.899237177
7.12642789602237 501173.1433111877 378969.2809695556 643973.1622272521
8.9716411736214 293159.8729277876 229160.18235904525 409460.3858967926
11.294627058970825 175382.34915551008 132442.12797584242 234532.93495722095
14.219093021276393 93776.64004358712 72774.12987714318 132756.60747184313
17.90077753714995 56139.679837593256 41931.489261412244 71993.94127320986
22.535743732392273 29525.947172031472 21840.516805193867 38123.20826035828
28.370820458389765 15233.263894651158 11337.90069873322 19672.67222966378
35.716746828516726 8332.748694746364 5398.835868978338 11026.713259670909
44.96472020903842 3733.495475452516 2514.5064695580636 5444.453138434415
56.60722890537319 1913.6448286496784 1156.131879298732 3145.1170555330436
71.26427896022365 1011.9578263571102 527.2616083054686 1462.3271167846979
89.71641173621398 394.6647585072439 226.40750749587312 686.1042096455486
112.94627058970826 227.29000608354215 116.23176335379925 353.523909310517
142.19093021276385 129.55869440123323 73.81129087301746 247.70861784785484
179.00777537149938 88.9744617179139 47.38951369006709 319.1644761137243
225.35743732392268 71.8826552107324 26.356249902092763 290.0055899441146
283.7082045838975 47.07078543447238 25.722454176396834 133.53043893940014
357.16746828516693 57.342180972027656 14.385988911479691 146.00851672325902
449.647202090384 41.95946013114704 18.191907675411326 124.1127595463384
566.0722890537319 26.897873912215537 14.731092689548069 62.699607084433154
712.6427896022365 24.02267048986544 13.563255642816198 49.15341420343534
