0.5660722890537326 16437894.018465342 5479298.006155114 24656841.027698014
0.7126427896022373 13730771.049621545 8238462.629772927 16476925.259545853
0.8971641173621405 10322530.736893894 7542329.125090472 14479069.780283168
1.1294627058970832 7932731.623553055 5173520.62405634 11726646.747861039
1.4219093021276399 5877245.643284725 3802923.651537175 8304202.373629358
1.790077753714996 3985224.186001976 3115405.6897528493 6064471.587394311
2.253574373239229 2692071.653920511 1953922.9746197255 3781058.0584419044
2.8370820458389785 1719182.6395392006 1282205.5838183507 2177921.5008238377
3.5716746828516737 981606.5216324269 749947.3825271743 1298338.2259458234
4.496472020903845 584896.0700928505 463762.45408109756 793272.1279614435
5.660722890537325 345195.7743877719 257417.4203291671 474178.44945266325
7.12642789602237 196350.02600958862 160595.09819637402 281645.5757698379
8.9716411736214 116300.51296900495 90150.10176887366 163206.09263745096
11.294627058970825 66910.8667377954 48631.09386612964 92212.83160318028
14.219093021276393 35263.473859708334 26772.582506821702 48981.65663179879
17.90077753714995 19666.215004835907 14980.97752703183 28426.77738936898
22.535743732392273 11506.435294982854 7668.062162618763 14648.34343817138
28.370820458389765 5396.927779819268 3781.3313347636936 7834.250002963453
35.716746828516726 2563.0836953735543 1679.2015563392017 4085.2282082515685
44.96472020903842 1197.1237322461216 813.1695269814294 1952.3502840594738
56.60722890537319 643.8175157232275 396.4820037253851 1027.5875480743327
71.26427896022365 355.62697018519884 186.68356319065495 636.3937766078608
89.71641173621398 230.5365197906307 93.09546387246722 458.3203647180897
112.94627058970826 160.72404072068383 57.69510199947638 389.3660601939793
142.19093021276385 109.76620539664188 37.268651785064556 451.81498742917586
179.00777537149938 100.15041650039774 28.97777795073792 373.59224225750444
225.35743732392268 72.90303720858937 24.11054109659649 264.44654061566666
283.7082045838975 67.0698847475931 16.371841561748617 163.27273383953974
357.16746828516693 56.96589847206856 18.847281484907786 128.76583469904637
449.647202090384 41.822802170844966 16.001444561321538 135.83801254025582
566.0722890537319 28.925214174492933 14.902704303100846 109.03748239268643
712.6427896022365 27.538434417121042 15.187111550228646 86.6723067118527
