0.8971641173621407 4817181.01055048
1.1294627058970836 8277632.998490132
1.4219093021276406 3630063.485558207
1.7900777537149968 2772329.86852311
2.25357437323923 1780240.9324313025
2.8370820458389803 892234.0281152788
3.5716746828516763 479896.5216869622
4.496472020903848 245984.32854372158
5.660722890537329 117804.90713233485
7.126427896022374 54923.08419848615
8.971641173621407 21333.2301895807
11.294627058970837 10002.13987317557
14.219093021276404 5704.385477305762
17.900777537149963 3292.141718871192
22.535743732392298 1128.93327422473
28.370820458389794 391.7125001481714
35.71674682851676 43.626956516996536
44.964720209038475 0.0
56.607228905373276 0.0
71.26427896022373 0.0
89.71641173621407 0.0
112.94627058970838 0.0
142.1909302127641 0.0
179.00777537149975 0.0
225.35743732392302 0.0
283.70820458389795 0.0
357.1674682851676 0.0
449.6472020903849 0.0
566.0722890537331 0.0
712.6427896022375 0.0
