0.8971641173621407 6193518.442136331
1.1294627058970836 5173520.624056333
1.4219093021276406 3111482.9876213204
1.7900777537149968 3032235.793697152
2.25357437323923 2171025.5273552467
2.8370820458389803 1479802.7783375357
3.5716746828516763 599870.6521087027
4.496472020903848 322512.7863128794
5.660722890537329 205473.6752308166
7.126427896022374 107100.01418704799
8.971641173621407 54365.32854764114
11.294627058970837 24832.898995470383
14.219093021276404 15730.275104085587
17.900777537149963 6237.742204176995
22.535743732392298 3430.2203332212953
28.370820458389794 1044.5666670617902
35.71674682851676 130.88086955098962
44.964720209038475 0.0
56.607228905373276 0.0
71.26427896022373 0.0
89.71641173621407 0.0
112.94627058970838 0.0
142.1909302127641 0.0
179.00777537149975 0.0
225.35743732392302 0.0
283.70820458389795 0.0
357.1674682851676 0.0
449.6472020903849 0.0
566.0722890537331 0.0
712.6427896022375 0.0
