0.8971641173621407 10322530.736893887
1.1294627058970836 4828619.2491192445
1.4219093021276406 4667224.481431981
1.7900777537149968 2165882.70978368
2.25357437323923 1736820.4218841975
2.8370820458389803 1283946.52826345
3.5716746828516763 959793.0433739244
4.496472020903848 491968.65708744316
5.660722890537329 268485.60230160033
7.126427896022374 168888.4839103449
8.971641173621407 87397.42690570158
11.294627058970837 56908.72686461963
14.219093021276404 33016.291701981834
17.900777537149963 16547.343902747307
22.535743732392298 9769.614873098626
28.370820458389794 3351.3180568232438
35.71674682851676 479.8965216869619
44.964720209038475 0.0
56.607228905373276 0.0
71.26427896022373 0.0
89.71641173621407 0.0
112.94627058970838 0.0
142.1909302127641 0.0
179.00777537149975 0.0
225.35743732392302 0.0
283.70820458389795 0.0
357.1674682851676 0.0
449.6472020903849 0.0
566.0722890537331 0.0
712.6427896022375 0.0
