0.8971641173621407 3440843.5789646287
1.1294627058970836 3793915.1243079775
1.4219093021276406 3630063.485558207
1.7900777537149968 1819341.476218291
2.25357437323923 2084184.506261037
2.8370820458389803 979281.250370428
3.5716746828516763 588963.9129794536
4.496472020903848 218652.73648330808
5.660722890537329 120544.5561354124
7.126427896022374 76892.3178778806
8.971641173621407 37161.110652817995
11.294627058970837 15175.660497231902
14.219093021276404 6568.686307200574
17.900777537149963 2772.329868523109
22.535743732392298 781.56918984789
28.370820458389794 43.5236111275746
35.71674682851676 0.0
44.964720209038475 0.0
56.607228905373276 0.0
71.26427896022373 0.0
89.71641173621407 0.0
112.94627058970838 0.0
142.1909302127641 0.0
179.00777537149975 0.0
225.35743732392302 0.0
283.70820458389795 0.0
357.1674682851676 0.0
449.6472020903849 0.0
566.0722890537331 0.0
712.6427896022375 0.0
