0.8971641173621407 6193518.442136331
1.1294627058970836 5518421.998993422
1.4219093021276406 4148643.983495094
1.7900777537149968 3292141.7188711935
2.25357437323923 2040763.995713932
2.8370820458389803 1305708.3338272374
3.5716746828516763 698031.304271945
4.496472020903848 420906.517730368
5.660722890537329 219171.92024620436
7.126427896022374 119457.70813170736
8.971641173621407 63311.521852949176
11.294627058970837 32765.630619023425
14.219093021276404 17286.01659789625
17.900777537149963 8143.7189887866325
22.535743732392298 4602.57411799313
28.370820458389794 1109.852083753152
35.71674682851676 207.22804345573354
44.964720209038475 0.0
56.607228905373276 0.0
71.26427896022373 0.0
89.71641173621407 0.0
112.94627058970838 0.0
142.1909302127641 0.0
179.00777537149975 0.0
225.35743732392302 0.0
283.70820458389795 0.0
357.1674682851676 0.0
449.6472020903849 0.0
566.0722890537331 0.0
712.6427896022375 0.0
