0.8971641173621407 15139711.747444365
1.1294627058970836 6553126.123804688
1.4219093021276406 5358665.14534783
1.7900777537149968 5111483.195089485
2.25357437323923 2561810.1222791914
2.8370820458389803 1849753.4729219195
3.5716746828516763 850725.652081433
4.496472020903848 612227.6621532625
5.660722890537329 243828.76127390235
7.126427896022374 178500.02364507996
8.971641173621407 93590.94534783791
11.294627058970837 48286.192491192414
14.219093021276404 35609.194191666276
17.900777537149963 18280.05007057425
22.535743732392298 7945.953430120216
28.370820458389794 3982.4104181730754
35.71674682851676 1254.2749998636505
44.964720209038475 191.32114442289486
56.607228905373276 8.218947009232659
71.26427896022373 0.0
89.71641173621407 0.0
112.94627058970838 0.0
142.1909302127641 0.0
179.00777537149975 0.0
225.35743732392302 0.0
283.70820458389795 0.0
357.1674682851676 0.0
449.6472020903849 0.0
566.0722890537331 0.0
712.6427896022375 0.0
