0.8971641173621407 6193518.442136331
1.1294627058970836 6553126.123804688
1.4219093021276406 7087266.805137452
1.7900777537149968 3898588.877610624
2.25357437323923 1910502.4640726172
2.8370820458389803 1109852.0837531516
3.5716746828516763 785285.2173059381
4.496472020903848 322512.7863128794
5.660722890537329 221911.56924928192
7.126427896022374 118084.6310267452
8.971641173621407 46107.30395812603
11.294627058970837 23798.194870659117
14.219093021276404 11581.631120590488
17.900777537149963 4938.212578306788
22.535743732392298 1563.13837969578
28.370820458389794 43.5236111275746
35.71674682851676 0.0
44.964720209038475 0.0
56.607228905373276 0.0
71.26427896022373 0.0
89.71641173621407 0.0
112.94627058970838 0.0
142.1909302127641 0.0
179.00777537149975 0.0
225.35743732392302 0.0
283.70820458389795 0.0
357.1674682851676 0.0
449.6472020903849 0.0
566.0722890537331 0.0
712.6427896022375 0.0
