0.8971641173621407 6881687.1579292575
1.1294627058970836 3449013.749370889
1.4219093021276406 3457203.319579245
1.7900777537149968 2079247.4013923327
2.25357437323923 1953922.9746197222
2.8370820458389803 1001043.0559342153
3.5716746828516763 414456.08691146737
4.496472020903848 229585.37330747346
5.660722890537329 128763.50314464506
7.126427896022374 60415.39261833476
8.971641173621407 27526.748631717033
11.294627058970837 11036.843997986838
14.219093021276404 4667.224481431987
17.900777537149963 1646.070859435596
22.535743732392298 173.68204218842
28.370820458389794 0.0
35.71674682851676 0.0
44.964720209038475 0.0
56.607228905373276 0.0
71.26427896022373 0.0
89.71641173621407 0.0
112.94627058970838 0.0
142.1909302127641 0.0
179.00777537149975 0.0
225.35743732392302 0.0
283.70820458389795 0.0
357.1674682851676 0.0
449.6472020903849 0.0
566.0722890537331 0.0
712.6427896022375 0.0
