0.8971641173621407 8258024.589515109
1.1294627058970836 6898027.498741778
1.4219093021276406 5185804.979368867
1.7900777537149968 3118871.102088499
2.25357437323923 1953922.9746197222
2.8370820458389803 979281.250370428
3.5716746828516763 621684.130367201
4.496472020903848 295181.1942524659
5.660722890537329 145201.39716311038
7.126427896022374 93369.24313742644
8.971641173621407 61935.18442136332
11.294627058970837 31386.02511927507
14.219093021276404 17113.156431917287
17.900777537149963 7017.45997969912
22.535743732392298 2778.91267501472
28.370820458389794 1022.804861498003
35.71674682851676 76.34717390474394
44.964720209038475 0.0
56.607228905373276 0.0
71.26427896022373 0.0
89.71641173621407 0.0
112.94627058970838 0.0
142.1909302127641 0.0
179.00777537149975 0.0
225.35743732392302 0.0
283.70820458389795 0.0
357.1674682851676 0.0
449.6472020903849 0.0
566.0722890537331 0.0
712.6427896022375 0.0
