0.8971641173621407 688168.7157929257
1.1294627058970836 2069408.249622533
1.4219093021276406 2420042.3237054716
1.7900777537149968 1212894.3174788607
2.25357437323923 1693399.9113370925
2.8370820458389803 1044566.6670617898
3.5716746828516763 698031.304271945
4.496472020903848 360777.0151974583
5.660722890537329 208213.32423389415
7.126427896022374 105726.93708208583
8.971641173621407 53677.159831848214
11.294627058970837 32765.630619023425
14.219093021276404 18841.758091706914
17.900777537149963 9703.15453983088
22.535743732392298 4385.471565257605
28.370820458389794 1871.5152784857075
35.71674682851676 272.66847823122833
44.964720209038475 0.0
56.607228905373276 0.0
71.26427896022373 0.0
89.71641173621407 0.0
112.94627058970838 0.0
142.1909302127641 0.0
179.00777537149975 0.0
225.35743732392302 0.0
283.70820458389795 0.0
357.1674682851676 0.0
449.6472020903849 0.0
566.0722890537331 0.0
712.6427896022375 0.0
