0.8971641173621407 5505349.726343405
1.1294627058970836 4483717.874182155
1.4219093021276406 5358665.14534783
1.7900777537149968 2512423.9433490685
2.25357437323923 1606558.8902428828
2.8370820458389803 1588611.806156472
3.5716746828516763 916166.0868569278
4.496472020903848 573963.4332686836
5.660722890537329 394509.4564431678
7.126427896022374 192230.7946947015
8.971641173621407 124558.53755851957
11.294627058970837 64496.55711323558
14.219093021276404 37856.37634939278
17.900777537149963 18713.226612530987
22.535743732392298 7685.430366837585
28.370820458389794 3024.8909733664345
35.71674682851676 937.9795651154255
44.964720209038475 174.92218918664673
56.607228905373276 10.958596012310213
71.26427896022373 0.0
89.71641173621407 0.0
112.94627058970838 0.0
142.1909302127641 0.0
179.00777537149975 0.0
225.35743732392302 0.0
283.70820458389795 0.0
357.1674682851676 0.0
449.6472020903849 0.0
566.0722890537331 0.0
712.6427896022375 0.0
