0.8971641173621407 13075205.600065589
1.1294627058970836 7587830.248615955
1.4219093021276406 5531525.3113267915
1.7900777537149968 4245130.111176012
2.25357437323923 2344707.5695436667
2.8370820458389803 870472.2225514916
3.5716746828516763 567150.4347209553
4.496472020903848 295181.1942524659
5.660722890537329 139722.0991569553
7.126427896022374 83757.70340269138
8.971641173621407 36472.94193702507
11.294627058970837 22418.589370910762
14.219093021276404 8124.4278010112375
17.900777537149963 5024.847886698135
22.535743732392298 2996.0152277502452
28.370820458389794 631.0923613498317
35.71674682851676 10.906739129249134
44.964720209038475 0.0
56.607228905373276 0.0
71.26427896022373 0.0
89.71641173621407 0.0
112.94627058970838 0.0
142.1909302127641 0.0
179.00777537149975 0.0
225.35743732392302 0.0
283.70820458389795 0.0
357.1674682851676 0.0
449.6472020903849 0.0
566.0722890537331 0.0
712.6427896022375 0.0
