0.8971641173621407 6193518.442136331
1.1294627058970836 5863323.373930511
1.4219093021276406 4321504.149474056
1.7900777537149968 2858965.176914457
2.25357437323923 3343379.3121270803
2.8370820458389803 2002086.1118684306
3.5716746828516763 1286995.2172513986
4.496472020903848 655958.2094499242
5.660722890537329 493136.8205539598
7.126427896022374 304823.1173015981
8.971641173621407 150020.78004285783
11.294627058970837 89674.35748364305
14.219093021276404 43906.48215865647
17.900777537149963 29369.369544666686
22.535743732392298 15327.440223128066
28.370820458389794 8160.677086420236
35.71674682851676 3272.0217387747402
44.964720209038475 1016.7352246473841
56.607228905373276 63.01192707078372
71.26427896022373 9.611539734735087
89.71641173621407 0.0
112.94627058970838 0.0
142.1909302127641 0.0
179.00777537149975 0.0
225.35743732392302 0.0
283.70820458389795 0.0
357.1674682851676 0.0
449.6472020903849 0.0
566.0722890537331 0.0
712.6427896022375 0.0
