0.8971641173621407 2752674.8631717027
1.1294627058970836 2759210.999496711
1.4219093021276406 2247182.157726509
1.7900777537149968 1732706.1678269438
2.25357437323923 1432876.848054463
2.8370820458389803 913995.8336790662
3.5716746828516763 414456.08691146737
4.496472020903848 300647.5126645486
5.660722890537329 161639.2911815757
7.126427896022374 83757.70340269138
8.971641173621407 27526.748631717033
11.294627058970837 10347.04124811266
14.219093021276404 2938.6228216423624
17.900777537149963 86.63530839134715
22.535743732392298 0.0
28.370820458389794 0.0
35.71674682851676 0.0
44.964720209038475 0.0
56.607228905373276 0.0
71.26427896022373 0.0
89.71641173621407 0.0
112.94627058970838 0.0
142.1909302127641 0.0
179.00777537149975 0.0
225.35743732392302 0.0
283.70820458389795 0.0
357.1674682851676 0.0
449.6472020903849 0.0
566.0722890537331 0.0
712.6427896022375 0.0
