0.8971641173621407 4817181.01055048
1.1294627058970836 3449013.749370889
1.4219093021276406 3284343.1536002825
1.7900777537149968 1905976.7846096384
2.25357437323923 1389456.337507358
2.8370820458389803 456997.9168395331
3.5716746828516763 250854.99997273023
4.496472020903848 229585.37330747346
5.660722890537329 145201.39716311038
7.126427896022374 60415.39261833476
8.971641173621407 33720.26707385336
11.294627058970837 17934.87149672861
14.219093021276404 10717.330290695674
17.900777537149963 3552.0476440452335
22.535743732392298 1259.194805866045
28.370820458389794 65.28541669136189
35.71674682851676 0.0
44.964720209038475 0.0
56.607228905373276 0.0
71.26427896022373 0.0
89.71641173621407 0.0
112.94627058970838 0.0
142.1909302127641 0.0
179.00777537149975 0.0
225.35743732392302 0.0
283.70820458389795 0.0
357.1674682851676 0.0
449.6472020903849 0.0
566.0722890537331 0.0
712.6427896022375 0.0
