0.8971641173621407 6193518.442136331
1.1294627058970836 7932731.623553044
1.4219093021276406 3284343.1536002825
1.7900777537149968 3811953.569219277
2.25357437323923 2257866.5484494567
2.8370820458389803 1806229.8617943448
3.5716746828516763 1025233.4781494193
4.496472020903848 661424.5278620069
5.660722890537329 389030.15843701275
7.126427896022374 168888.4839103449
8.971641173621407 87397.42690570158
11.294627058970837 57943.4309894309
14.219093021276404 31633.41037415014
17.900777537149963 15334.449585268447
22.535743732392298 5992.0304555004905
28.370820458389794 3786.55416809899
35.71674682851676 927.0728259861763
44.964720209038475 76.52845776915794
56.607228905373276 0.0
71.26427896022373 0.0
89.71641173621407 0.0
112.94627058970838 0.0
142.1909302127641 0.0
179.00777537149975 0.0
225.35743732392302 0.0
283.70820458389795 0.0
357.1674682851676 0.0
449.6472020903849 0.0
566.0722890537331 0.0
712.6427896022375 0.0
