0.8971641173621407 1376337.4315858514
1.1294627058970836 5518421.998993422
1.4219093021276406 3802923.6515371692
1.7900777537149968 4591671.344741401
2.25357437323923 2692071.653920506
2.8370820458389803 1653897.222847834
3.5716746828516763 1014326.7390201701
4.496472020903848 655958.2094499242
5.660722890537329 326018.23136622895
7.126427896022374 168888.4839103449
8.971641173621407 94279.11406363084
11.294627058970837 47596.389741318235
14.219093021276404 26447.60539478126
17.900777537149963 13601.743417441503
22.535743732392298 6860.440666442591
28.370820458389794 2328.5131953252408
35.71674682851676 425.3628260407162
44.964720209038475 27.331592060413552
56.607228905373276 0.0
71.26427896022373 0.0
89.71641173621407 0.0
112.94627058970838 0.0
142.1909302127641 0.0
179.00777537149975 0.0
225.35743732392302 0.0
283.70820458389795 0.0
357.1674682851676 0.0
449.6472020903849 0.0
566.0722890537331 0.0
712.6427896022375 0.0
