0.8971641173621407 11010699.45268681
1.1294627058970836 11036843.997986844
1.4219093021276406 8297287.966990188
1.7900777537149968 8057083.680395289
2.25357437323923 5253881.7761996975
2.8370820458389803 4526455.557267756
3.5716746828516763 2857565.651863275
4.496472020903848 1907745.1258168628
5.660722890537329 1104078.5482402544
7.126427896022374 646719.3164371743
8.971641173621407 376428.2875387304
11.294627058970837 214873.55658580625
14.219093021276404 119619.23485744205
17.900777537149963 69568.15263825176
22.535743732392298 37471.90060215162
28.370820458389794 19520.339590717205
35.71674682851676 9434.329346800501
44.964720209038475 4968.8834365831835
56.607228905373276 1509.5466006957317
71.26427896022373 194.97694890462606
89.71641173621407 5.505349726343404
112.94627058970838 0.0
142.1909302127641 0.0
179.00777537149975 0.0
225.35743732392302 0.0
283.70820458389795 0.0
357.1674682851676 0.0
449.6472020903849 0.0
566.0722890537331 0.0
712.6427896022375 0.0
