0.5660722890537327 8218947.009232664
0.7126427896022374 5492308.419848615
0.8971641173621409 3440843.578964624
1.1294627058970836 9657238.498238495
1.4219093021276406 4494364.315453018
1.7900777537149968 3378777.027262539
2.25357437323923 2778912.675014713
2.8370820458389803 1719182.6395391983
3.5716746828516763 1221554.7824759032
4.496472020903847 650491.891037843
5.660722890537327 276704.5493108327
7.126427896022376 111219.2455019343
8.971641173621409 37849.27936861094
11.294627058970837 15520.56187216899
14.219093021276404 7951.567635032275
17.900777537149963 1646.070859435596
22.535743732392305 0.0
28.3708204583898 0.0
35.71674682851676 0.0
44.964720209038475 0.0
56.607228905373276 0.0
71.26427896022375 0.0
