0.8971641173621407 17204217.89482314
1.1294627058970836 13451153.622546466
1.4219093021276406 7432987.137095377
1.7900777537149968 6757554.054525081
2.25357437323923 3907845.9492394445
2.8370820458389803 2633178.4732182617
3.5716746828516763 1156114.347700409
4.496472020903848 661424.5278620069
5.660722890537329 416426.6484677883
7.126427896022374 194976.9489046258
8.971641173621407 104601.64480052472
11.294627058970837 52769.91036537457
14.219093021276404 31287.69004219221
17.900777537149963 16460.708594355958
22.535743732392298 7989.37394066732
28.370820458389794 3024.8909733664345
35.71674682851676 763.4717390474393
44.964720209038475 60.12950253290981
56.607228905373276 5.479298006155107
71.26427896022373 0.0
89.71641173621407 0.0
112.94627058970838 0.0
142.1909302127641 0.0
179.00777537149975 0.0
225.35743732392302 0.0
283.70820458389795 0.0
357.1674682851676 0.0
449.6472020903849 0.0
566.0722890537331 0.0
712.6427896022375 0.0
