0.8971641173621407 23397736.336959474
1.1294627058970836 9657238.498238489
1.4219093021276406 10544470.124716697
1.7900777537149968 6151106.895785651
2.25357437323923 2692071.653920506
2.8370820458389803 1109852.0837531516
3.5716746828516763 447176.3042992148
4.496472020903848 224119.05489539076
5.660722890537329 71230.87408001641
7.126427896022374 21969.233679394456
8.971641173621407 8946.193305308036
11.294627058970837 1034.704124811266
14.219093021276404 0.0
17.900777537149963 0.0
22.535743732392298 0.0
28.370820458389794 0.0
35.71674682851676 0.0
44.964720209038475 0.0
56.607228905373276 0.0
71.26427896022373 0.0
89.71641173621407 0.0
112.94627058970838 0.0
142.1909302127641 0.0
179.00777537149975 0.0
225.35743732392302 0.0
283.70820458389795 0.0
357.1674682851676 0.0
449.6472020903849 0.0
566.0722890537331 0.0
712.6427896022375 0.0
