0.8971641173621407 8946193.305308035
1.1294627058970836 7587830.248615955
1.4219093021276406 3630063.485558207
1.7900777537149968 4071859.494393318
2.25357437323923 2561810.1222791914
2.8370820458389803 2502607.6398355383
3.5716746828516763 1232461.5216051529
4.496472020903848 737952.9856311647
5.660722890537329 293142.44332929834
7.126427896022374 185365.40916989074
8.971641173621407 103913.4760847318
11.294627058970837 60702.64198892761
14.219093021276404 35609.194191666276
17.900777537149963 18280.05007057425
22.535743732392298 10507.76355239941
28.370820458389794 5135.786113053802
35.71674682851676 1930.4928258770967
44.964720209038475 284.24855742830096
56.607228905373276 2.7396490030775533
71.26427896022373 0.0
89.71641173621407 0.0
112.94627058970838 0.0
142.1909302127641 0.0
179.00777537149975 0.0
225.35743732392302 0.0
283.70820458389795 0.0
357.1674682851676 0.0
449.6472020903849 0.0
566.0722890537331 0.0
712.6427896022375 0.0
