0.8971641173621407 12387036.884272663
1.1294627058970836 8277632.998490132
1.4219093021276406 5012944.813389905
1.7900777537149968 4418400.727958707
2.25357437323923 2692071.653920506
2.8370820458389803 1044566.6670617898
3.5716746828516763 523523.4782039588
4.496472020903848 306113.83107663126
5.660722890537329 142461.74816003282
7.126427896022374 74146.1636679563
8.971641173621407 47483.641389711884
11.294627058970837 28971.71549471545
14.219093021276404 17804.597095833138
17.900777537149963 7797.177755221244
22.535743732392298 1910.5024640726201
28.370820458389794 696.3777780411936
35.71674682851676 130.88086955098962
44.964720209038475 0.0
56.607228905373276 0.0
71.26427896022373 0.0
89.71641173621407 0.0
112.94627058970838 0.0
142.1909302127641 0.0
179.00777537149975 0.0
225.35743732392302 0.0
283.70820458389795 0.0
357.1674682851676 0.0
449.6472020903849 0.0
566.0722890537331 0.0
712.6427896022375 0.0
