0.8971641173621407 5505349.726343405
1.1294627058970836 2759210.999496711
1.4219093021276406 3457203.319579245
1.7900777537149968 2945600.4853058048
2.25357437323923 2561810.1222791914
2.8370820458389803 1632135.4172840465
3.5716746828516763 1265181.7389929004
4.496472020903848 880077.2643453149
5.660722890537329 556148.7476247435
7.126427896022374 281480.80651724146
8.971641173621407 124558.53755851957
11.294627058970837 46561.68561650697
14.219093021276404 15557.414938106625
17.900777537149963 4418.400727958705
22.535743732392298 521.04612656526
28.370820458389794 0.0
35.71674682851676 0.0
44.964720209038475 0.0
56.607228905373276 0.0
71.26427896022373 0.0
89.71641173621407 0.0
112.94627058970838 0.0
142.1909302127641 0.0
179.00777537149975 0.0
225.35743732392302 0.0
283.70820458389795 0.0
357.1674682851676 0.0
449.6472020903849 0.0
566.0722890537331 0.0
712.6427896022375 0.0
