0.8971641173621407 16516049.179030217
1.1294627058970836 15520561.872169
1.4219093021276406 9334448.962863961
1.7900777537149968 8836801.455917414
2.25357437323923 6643338.113707055
2.8370820458389803 4330599.30719367
3.5716746828516763 2672151.0866660397
4.496472020903848 1525102.8369710736
5.660722890537329 805456.806904801
7.126427896022374 494307.7577863753
8.971641173621407 289719.0293488218
11.294627058970837 165207.75859486547
14.219093021276404 94035.9302925556
17.900777537149963 59778.36279002954
22.535743732392298 34302.20333221295
28.370820458389794 16343.115978404261
35.71674682851676 7023.939999236442
44.964720209038475 3793.624977985401
56.607228905373276 1405.4399385787847
71.26427896022373 275.98849809739323
89.71641173621407 13.76337431585851
112.94627058970838 0.0
142.1909302127641 0.0
179.00777537149975 0.0
225.35743732392302 0.0
283.70820458389795 0.0
357.1674682851676 0.0
449.6472020903849 0.0
566.0722890537331 0.0
712.6427896022375 0.0
