0.8971641173621407 7569855.873722183
1.1294627058970836 9312337.1233014
1.4219093021276406 5531525.3113267915
1.7900777537149968 3205506.4104798464
2.25357437323923 2171025.5273552467
2.8370820458389803 1131613.889316939
3.5716746828516763 556243.6955917062
4.496472020903848 311580.149488714
5.660722890537329 136982.45015387773
7.126427896022374 72773.08656299414
8.971641173621407 47483.641389711884
11.294627058970837 20349.18112128823
14.219093021276404 8988.72863090605
17.900777537149963 4505.036036350052
22.535743732392298 1432.876848054465
28.370820458389794 391.7125001481714
35.71674682851676 10.906739129249134
44.964720209038475 0.0
56.607228905373276 0.0
71.26427896022373 0.0
89.71641173621407 0.0
112.94627058970838 0.0
142.1909302127641 0.0
179.00777537149975 0.0
225.35743732392302 0.0
283.70820458389795 0.0
357.1674682851676 0.0
449.6472020903849 0.0
566.0722890537331 0.0
712.6427896022375 0.0
