0.5660722890537327 2739649.0030775545
0.7126427896022374 8238462.629772924
0.8971641173621409 8258024.589515098
1.1294627058970836 5518421.998993426
1.4219093021276406 4667224.481431981
1.7900777537149968 3638682.952436581
2.25357437323923 2040763.9957139299
2.8370820458389803 1262184.7226996645
3.5716746828516763 643497.6086256991
4.496472020903847 322512.7863128801
5.660722890537327 158899.64217849798
7.126427896022376 72773.08656299405
8.971641173621409 30279.423494888757
11.294627058970837 13796.054997483547
14.219093021276404 4494.364315453025
17.900777537149963 1819.3414762182902
22.535743732392305 260.5230632826291
28.3708204583898 0.0
35.71674682851676 0.0
44.964720209038475 0.0
56.607228905373276 0.0
71.26427896022375 0.0
