0.8971641173621407 9634362.02110096
1.1294627058970836 4828619.2491192445
1.4219093021276406 1555741.4938106602
1.7900777537149968 1819341.476218291
2.25357437323923 1085512.7636776234
2.8370820458389803 935757.6392428534
3.5716746828516763 403549.3477822182
4.496472020903848 235051.69171955617
5.660722890537329 164378.94018465327
7.126427896022374 79638.47208780491
8.971641173621407 35096.604505439216
11.294627058970837 23108.39212078494
14.219093021276404 14865.974274190774
17.900777537149963 6064.4715873943005
22.535743732392298 3039.4357382973503
28.370820458389794 674.6159724774062
35.71674682851676 76.34717390474394
44.964720209038475 10.93263682416542
56.607228905373276 2.7396490030775533
71.26427896022373 0.0
89.71641173621407 0.0
112.94627058970838 0.0
142.1909302127641 0.0
179.00777537149975 0.0
225.35743732392302 0.0
283.70820458389795 0.0
357.1674682851676 0.0
449.6472020903849 0.0
566.0722890537331 0.0
712.6427896022375 0.0
