0.5660722890537327 2739649.0030775545
0.7126427896022374 8238462.629772924
0.8971641173621409 6193518.442136324
1.1294627058970836 5173520.6240563365
1.4219093021276406 3630063.485558207
1.7900777537149968 3118871.1020884975
2.25357437323923 1953922.9746197201
2.8370820458389803 1349231.944954814
3.5716746828516763 698031.3042719447
4.496472020903847 371709.6520216245
5.660722890537327 197254.7282215837
7.126427896022376 87876.93471757772
8.971641173621409 35096.60450543924
11.294627058970837 12071.548122798104
14.219093021276404 6914.4066391585
17.900777537149963 952.9883923048187
22.535743732392305 347.3640843768388
28.3708204583898 65.285416691362
35.71674682851676 0.0
44.964720209038475 0.0
56.607228905373276 0.0
71.26427896022375 0.0
