0.8971641173621407 8946193.305308035
1.1294627058970836 11036843.997986844
1.4219093021276406 4667224.481431981
1.7900777537149968 3638682.952436582
2.25357437323923 1693399.9113370925
2.8370820458389803 848710.4169877042
3.5716746828516763 479896.5216869622
4.496472020903848 202253.78124705996
5.660722890537329 104106.66211694707
7.126427896022374 42565.390253826765
8.971641173621407 24085.905052752405
11.294627058970837 7242.928873678862
14.219093021276404 2247.1821577265123
17.900777537149963 173.2706167826943
22.535743732392298 0.0
28.370820458389794 0.0
35.71674682851676 0.0
44.964720209038475 0.0
56.607228905373276 0.0
71.26427896022373 0.0
89.71641173621407 0.0
112.94627058970838 0.0
142.1909302127641 0.0
179.00777537149975 0.0
225.35743732392302 0.0
283.70820458389795 0.0
357.1674682851676 0.0
449.6472020903849 0.0
566.0722890537331 0.0
712.6427896022375 0.0
