0.5660722890537327 5479298.006155109
0.7126427896022374 10984616.83969723
0.8971641173621409 6881687.157929248
1.1294627058970836 4828619.249119247
1.4219093021276406 5185804.979368867
1.7900777537149968 3552047.6440452333
2.25357437323923 2431548.590637874
2.8370820458389803 1305708.3338272392
3.5716746828516763 796191.9564351869
4.496472020903847 426372.8361424517
5.660722890537327 227390.86725543678
7.126427896022376 116711.5539217829
8.971641173621409 48859.978821297766
11.294627058970837 15520.56187216899
14.219093021276404 1901.4618257685875
17.900777537149963 259.90592517404144
22.535743732392305 0.0
28.3708204583898 0.0
35.71674682851676 0.0
44.964720209038475 0.0
56.607228905373276 0.0
71.26427896022375 0.0
