0.8971641173621407 22709567.62116655
1.1294627058970836 19659378.371414065
1.4219093021276406 15038834.440169714
1.7900777537149968 11695766.632831872
2.25357437323923 8249897.003949938
2.8370820458389803 6680874.308082698
3.5716746828516763 3708291.303944708
4.496472020903848 2224791.5937176594
5.660722890537329 1257498.8924125975
7.126427896022374 631615.4682825906
8.971641173621407 405331.3736020333
11.294627058970837 199697.89608857434
14.219093021276404 103543.23942139854
17.900777537149963 60038.26871520358
22.535743732392298 31523.29065719823
28.370820458389794 15646.738200363066
35.71674682851676 7809.22521654238
44.964720209038475 3006.4751266454905
56.607228905373276 413.68699946471054
71.26427896022373 4.119231314886465
89.71641173621407 0.0
112.94627058970838 0.0
142.1909302127641 0.0
179.00777537149975 0.0
225.35743732392302 0.0
283.70820458389795 0.0
357.1674682851676 0.0
449.6472020903849 0.0
566.0722890537331 0.0
712.6427896022375 0.0
