0.8971641173621407 6193518.442136331
1.1294627058970836 6553126.123804688
1.4219093021276406 5358665.14534783
1.7900777537149968 4331765.41956736
2.25357437323923 3213117.7804857655
2.8370820458389803 1806229.8617943448
3.5716746828516763 1254274.999863651
4.496472020903848 601295.0253290972
5.660722890537329 342456.1253846943
7.126427896022374 146919.25023095045
8.971641173621407 55053.49726343407
11.294627058970837 23453.293495722028
14.219093021276404 8470.148132969161
17.900777537149963 2599.0592517404148
22.535743732392298 651.3076582065751
28.370820458389794 130.57083338272378
35.71674682851676 10.906739129249134
44.964720209038475 10.93263682416542
56.607228905373276 0.0
71.26427896022373 0.0
89.71641173621407 0.0
112.94627058970838 0.0
142.1909302127641 0.0
179.00777537149975 0.0
225.35743732392302 0.0
283.70820458389795 0.0
357.1674682851676 0.0
449.6472020903849 0.0
566.0722890537331 0.0
712.6427896022375 0.0
