0.8971641173621407 6881687.1579292575
1.1294627058970836 7242928.873678866
1.4219093021276406 4321504.149474056
1.7900777537149968 3378777.0272625405
2.25357437323923 3256538.2910328703
2.8370820458389803 1632135.4172840465
3.5716746828516763 916166.0868569278
4.496472020903848 595828.7069170144
5.660722890537329 293142.44332929834
7.126427896022374 138680.78760117752
8.971641173621407 75698.55873722184
11.294627058970837 58633.23373930508
14.219093021276404 36127.77468960316
17.900777537149963 18973.132537705027
22.535743732392298 9509.091809815995
28.370820458389794 5571.022224329548
35.71674682851676 2813.9386953462763
44.964720209038475 694.2224383345042
56.607228905373276 57.532629064628615
71.26427896022373 10.984616839697242
89.71641173621407 0.0
112.94627058970838 0.0
142.1909302127641 0.0
179.00777537149975 0.0
225.35743732392302 0.0
283.70820458389795 0.0
357.1674682851676 0.0
449.6472020903849 0.0
566.0722890537331 0.0
712.6427896022375 0.0
