0.8971641173621407 14451543.031651441
1.1294627058970836 7932731.623553044
1.4219093021276406 5704385.477305754
1.7900777537149968 3811953.569219277
2.25357437323923 3560481.864862605
2.8370820458389803 1893277.084049494
3.5716746828516763 1101580.6520541632
4.496472020903848 502901.2939116086
5.660722890537329 263006.3042954452
7.126427896022374 201842.33442943657
8.971641173621407 79139.40231618648
11.294627058970837 47596.389741318235
14.219093021276404 25929.024896844374
17.900777537149963 13515.108109050156
22.535743732392298 6209.1330082360155
28.370820458389794 2981.3673622388596
35.71674682851676 305.38869561897576
44.964720209038475 16.39895523624813
56.607228905373276 0.0
71.26427896022373 0.0
89.71641173621407 0.0
112.94627058970838 0.0
142.1909302127641 0.0
179.00777537149975 0.0
225.35743732392302 0.0
283.70820458389795 0.0
357.1674682851676 0.0
449.6472020903849 0.0
566.0722890537331 0.0
712.6427896022375 0.0
