0.8971641173621407 6193518.442136331
1.1294627058970836 5863323.373930511
1.4219093021276406 2765762.6556633958
1.7900777537149968 2685694.560131763
2.25357437323923 2171025.5273552467
2.8370820458389803 1088090.2781893644
3.5716746828516763 621684.130367201
4.496472020903848 317046.4679007967
5.660722890537329 199994.37722466147
7.126427896022374 87876.93471757782
8.971641173621407 52988.99111605529
11.294627058970837 30351.320994463804
14.219093021276404 12100.211618527375
17.900777537149963 7017.45997969912
22.535743732392298 2040.7639957139352
28.370820458389794 413.47430571195866
35.71674682851676 21.813478258498268
44.964720209038475 0.0
56.607228905373276 0.0
71.26427896022373 0.0
89.71641173621407 0.0
112.94627058970838 0.0
142.1909302127641 0.0
179.00777537149975 0.0
225.35743732392302 0.0
283.70820458389795 0.0
357.1674682851676 0.0
449.6472020903849 0.0
566.0722890537331 0.0
712.6427896022375 0.0
