0.8971641173621407 2064506.1473787772
1.1294627058970836 689802.7498741777
1.4219093021276406 1901461.8257685846
1.7900777537149968 2425788.6349577215
2.25357437323923 1997343.4851668272
2.8370820458389803 826948.611423917
3.5716746828516763 545336.9564624571
4.496472020903848 295181.1942524659
5.660722890537329 178077.18520004104
7.126427896022374 104353.85997712368
8.971641173621407 30967.59221068166
11.294627058970837 13451.153622546459
14.219093021276404 1728.601659789625
17.900777537149963 1039.6237006961658
22.535743732392298 173.68204218842
28.370820458389794 0.0
35.71674682851676 0.0
44.964720209038475 0.0
56.607228905373276 0.0
71.26427896022373 0.0
89.71641173621407 0.0
112.94627058970838 0.0
142.1909302127641 0.0
179.00777537149975 0.0
225.35743732392302 0.0
283.70820458389795 0.0
357.1674682851676 0.0
449.6472020903849 0.0
566.0722890537331 0.0
712.6427896022375 0.0
