0.8971641173621407 7569855.873722183
1.1294627058970836 12071548.12279811
1.4219093021276406 8124427.801011225
1.7900777537149968 7277365.904873164
2.25357437323923 3821004.9281452345
2.8370820458389803 2763749.3066009856
3.5716746828516763 1636010.8693873712
4.496472020903848 880077.2643453149
5.660722890537329 498616.11856011493
7.126427896022374 277361.57520235504
8.971641173621407 165160.49179030219
11.294627058970837 92433.56848313977
14.219093021276404 47709.405810193646
17.900777537149963 29282.734236275337
22.535743732392298 13894.5633750736
28.370820458389794 8225.9625031116
35.71674682851676 4013.679999563681
44.964720209038475 1415.776468729422
56.607228905373276 265.74595329852264
71.26427896022373 23.342310784356638
89.71641173621407 0.0
112.94627058970838 0.0
142.1909302127641 0.0
179.00777537149975 0.0
225.35743732392302 0.0
283.70820458389795 0.0
357.1674682851676 0.0
449.6472020903849 0.0
566.0722890537331 0.0
712.6427896022375 0.0
