0.8971641173621407 13763374.315858515
1.1294627058970836 5863323.373930511
1.4219093021276406 7260126.971116414
1.7900777537149968 3205506.4104798464
2.25357437323923 1953922.9746197222
2.8370820458389803 1240422.9171358754
3.5716746828516763 621684.130367201
4.496472020903848 311580.149488714
5.660722890537329 117804.90713233485
7.126427896022374 67280.77814314552
8.971641173621407 38537.44808440385
11.294627058970837 14140.956372420635
14.219093021276404 8643.008298948125
17.900777537149963 5024.847886698135
22.535743732392298 1910.5024640726201
28.370820458389794 500.52152796710783
35.71674682851676 65.44043477549481
44.964720209038475 0.0
56.607228905373276 0.0
71.26427896022373 0.0
89.71641173621407 0.0
112.94627058970838 0.0
142.1909302127641 0.0
179.00777537149975 0.0
225.35743732392302 0.0
283.70820458389795 0.0
357.1674682851676 0.0
449.6472020903849 0.0
566.0722890537331 0.0
712.6427896022375 0.0
