0.8971641173621407 26150411.200131178
1.1294627058970836 14830759.12229482
1.4219093021276406 16421715.768001413
1.7900777537149968 11175954.782483788
2.25357437323923 9726194.362551507
2.8370820458389803 6833206.947029209
3.5716746828516763 4384509.129958155
4.496472020903848 2465309.6038492983
5.660722890537329 1438315.726615716
7.126427896022374 779907.7956185032
8.971641173621407 412213.06075996254
11.294627058970837 196593.78371414053
14.219093021276404 105963.281745104
17.900777537149963 60384.80994876897
22.535743732392298 32652.223931422963
28.370820458389794 17235.35000651954
35.71674682851676 8016.453259998113
44.964720209038475 3449.24691802419
56.607228905373276 1304.0729254649152
71.26427896022373 151.03848154583707
89.71641173621407 4.129012294757553
112.94627058970838 0.0
142.1909302127641 0.0
179.00777537149975 0.0
225.35743732392302 0.0
283.70820458389795 0.0
357.1674682851676 0.0
449.6472020903849 0.0
566.0722890537331 0.0
712.6427896022375 0.0
