0.8971641173621407 11010699.45268681
1.1294627058970836 8967435.74836431
1.4219093021276406 6741546.473179528
1.7900777537149968 5631295.045437568
2.25357437323923 3082856.248844451
2.8370820458389803 2132656.9452511542
3.5716746828516763 1090673.9129249142
4.496472020903848 557564.4780324355
5.660722890537329 336976.8273785392
7.126427896022374 212826.9512691338
8.971641173621407 103913.4760847318
11.294627058970837 48286.192491192414
14.219093021276404 29731.948548381548
17.900777537149963 18193.414762182903
22.535743732392298 9856.455894192835
28.370820458389794 4874.644446288355
35.71674682851676 1483.3165215778822
44.964720209038475 235.05169171955654
56.607228905373276 0.0
71.26427896022373 0.0
89.71641173621407 0.0
112.94627058970838 0.0
142.1909302127641 0.0
179.00777537149975 0.0
225.35743732392302 0.0
283.70820458389795 0.0
357.1674682851676 0.0
449.6472020903849 0.0
566.0722890537331 0.0
712.6427896022375 0.0
