0.5660722890537327 43834384.04924087
0.7126427896022374 38446158.93894031
0.8971641173621409 22709567.62116652
1.1294627058970836 15175660.49723192
1.4219093021276406 13828813.27831698
1.7900777537149968 7277365.904873162
2.25357437323923 3256538.291032867
2.8370820458389803 1566850.0005926872
3.5716746828516763 665311.0868841973
4.496472020903847 256916.96536788752
5.660722890537327 131503.15214772246
7.126427896022376 59042.31551337253
8.971641173621409 17204.217894823156
11.294627058970837 5173.52062405633
14.219093021276404 1037.160995873775
17.900777537149963 0.0
22.535743732392305 0.0
28.3708204583898 0.0
35.71674682851676 0.0
44.964720209038475 0.0
56.607228905373276 0.0
71.26427896022375 0.0
