0.8971641173621407 7569855.873722183
1.1294627058970836 3793915.1243079775
1.4219093021276406 4148643.983495094
1.7900777537149968 2512423.9433490685
2.25357437323923 1997343.4851668272
2.8370820458389803 1827991.6673581323
3.5716746828516763 1025233.4781494193
4.496472020903848 628626.6173895107
5.660722890537329 383550.86043085763
7.126427896022374 190857.71758973936
8.971641173621407 116300.51296900446
11.294627058970837 64496.55711323558
14.219093021276404 34917.75352775042
17.900777537149963 15940.896744007876
22.535743732392298 9422.250788721785
28.370820458389794 3655.983334716266
35.71674682851676 1319.715434639145
44.964720209038475 235.05169171955654
56.607228905373276 54.79298006155106
71.26427896022373 5.492308419848621
89.71641173621407 0.0
112.94627058970838 0.0
142.1909302127641 0.0
179.00777537149975 0.0
225.35743732392302 0.0
283.70820458389795 0.0
357.1674682851676 0.0
449.6472020903849 0.0
566.0722890537331 0.0
712.6427896022375 0.0
