0.8971641173621407 3440843.5789646287
1.1294627058970836 6208224.748867599
1.4219093021276406 2765762.6556633958
1.7900777537149968 2252518.018175027
2.25357437323923 1519717.8691486728
2.8370820458389803 957519.4448066407
3.5716746828516763 349015.6521359725
4.496472020903848 295181.1942524659
5.660722890537329 180816.8342031186
7.126427896022374 76892.3178778806
8.971641173621407 37161.110652817995
11.294627058970837 20004.27974635114
14.219093021276404 15730.275104085587
17.900777537149963 6411.01282095969
22.535743732392298 2431.54859063788
28.370820458389794 544.0451390946824
35.71674682851676 21.813478258498268
44.964720209038475 0.0
56.607228905373276 0.0
71.26427896022373 0.0
89.71641173621407 0.0
112.94627058970838 0.0
142.1909302127641 0.0
179.00777537149975 0.0
225.35743732392302 0.0
283.70820458389795 0.0
357.1674682851676 0.0
449.6472020903849 0.0
566.0722890537331 0.0
712.6427896022375 0.0
