0.8971641173621407 4129012.2947575543
1.1294627058970836 5518421.998993422
1.4219093021276406 4148643.983495094
1.7900777537149968 2772329.86852311
2.25357437323923 1432876.848054463
2.8370820458389803 957519.4448066407
3.5716746828516763 501709.99994546047
4.496472020903848 295181.1942524659
5.660722890537329 150680.6951692655
7.126427896022374 70026.93235306983
8.971641173621407 44042.79781074725
11.294627058970837 15865.46324710608
14.219093021276404 10544.470124716712
17.900777537149963 2945.6004853058034
22.535743732392298 1519.7178691486752
28.370820458389794 369.95069458438405
35.71674682851676 43.626956516996536
44.964720209038475 38.26422888457897
56.607228905373276 0.0
71.26427896022373 0.0
89.71641173621407 0.0
112.94627058970838 0.0
142.1909302127641 0.0
179.00777537149975 0.0
225.35743732392302 0.0
283.70820458389795 0.0
357.1674682851676 0.0
449.6472020903849 0.0
566.0722890537331 0.0
712.6427896022375 0.0
