0.8971641173621407 8258024.589515109
1.1294627058970836 8967435.74836431
1.4219093021276406 5185804.979368867
1.7900777537149968 3898588.877610624
2.25357437323923 3517061.3543155
2.8370820458389803 2023847.9174322179
3.5716746828516763 970699.7825031736
4.496472020903848 645025.5726257588
5.660722890537329 315059.63535391877
7.126427896022374 196350.02600958798
8.971641173621407 114236.00682162569
11.294627058970837 58288.33236436798
14.219093021276404 34917.75352775042
17.900777537149963 19406.30907966176
22.535743732392298 10073.55844692836
28.370820458389794 5832.163891094996
35.71674682851676 1701.4513041628647
44.964720209038475 453.70442820286496
56.607228905373276 43.83438404924085
71.26427896022373 4.119231314886465
89.71641173621407 0.0
112.94627058970838 0.0
142.1909302127641 0.0
179.00777537149975 0.0
225.35743732392302 0.0
283.70820458389795 0.0
357.1674682851676 0.0
449.6472020903849 0.0
566.0722890537331 0.0
712.6427896022375 0.0
