0.8971641173621407 11010699.45268681
1.1294627058970836 10347041.248112665
1.4219093021276406 7778707.469053301
1.7900777537149968 4678306.653132749
2.25357437323923 3907845.9492394445
2.8370820458389803 2176180.5563787287
3.5716746828516763 1221554.7824759039
4.496472020903848 819947.7618124052
5.660722890537329 383550.86043085763
7.126427896022374 259511.57283784702
8.971641173621407 125934.87499010543
11.294627058970837 72774.19011172571
14.219093021276404 35954.9145236242
17.900777537149963 19839.4856216185
22.535743732392298 11072.230189511776
28.370820458389794 5070.50069636244
35.71674682851676 2039.560217169588
44.964720209038475 442.7717913786995
56.607228905373276 24.65684102769798
71.26427896022373 0.0
89.71641173621407 0.0
112.94627058970838 0.0
142.1909302127641 0.0
179.00777537149975 0.0
225.35743732392302 0.0
283.70820458389795 0.0
357.1674682851676 0.0
449.6472020903849 0.0
566.0722890537331 0.0
712.6427896022375 0.0
