0.5660722890537327 2739649.0030775545
0.7126427896022374 10984616.83969723
0.8971641173621409 3440843.578964624
1.1294627058970836 2759210.999496713
1.4219093021276406 4667224.481431981
1.7900777537149968 2512423.9433490676
2.25357437323923 1519717.8691486712
2.8370820458389803 805186.8058601309
3.5716746828516763 523523.47820395854
4.496472020903847 355310.69678537635
5.660722890537327 172597.88719388575
7.126427896022376 91996.16603246417
8.971641173621409 52300.8224002624
11.294627058970837 24832.898995470383
14.219093021276404 11063.0506226536
17.900777537149963 4071.8594943933163
22.535743732392305 738.1486793007824
28.3708204583898 108.80902781893668
35.71674682851676 32.720217387747404
44.964720209038475 0.0
56.607228905373276 0.0
71.26427896022375 0.0
