0.8971641173621407 6881687.1579292575
1.1294627058970836 7242928.873678866
1.4219093021276406 5531525.3113267915
1.7900777537149968 3292141.7188711935
2.25357437323923 1693399.9113370925
2.8370820458389803 1088090.2781893644
3.5716746828516763 578057.1738502044
4.496472020903848 284248.5574283005
5.660722890537329 150680.6951692655
7.126427896022374 85130.78050765353
8.971641173621407 38537.44808440385
11.294627058970837 16210.364622043167
14.219093021276404 11927.351452548412
17.900777537149963 5631.295045437565
22.535743732392298 2344.70756954367
28.370820458389794 369.95069458438405
35.71674682851676 10.906739129249134
44.964720209038475 0.0
56.607228905373276 0.0
71.26427896022373 0.0
89.71641173621407 0.0
112.94627058970838 0.0
142.1909302127641 0.0
179.00777537149975 0.0
225.35743732392302 0.0
283.70820458389795 0.0
357.1674682851676 0.0
449.6472020903849 0.0
566.0722890537331 0.0
712.6427896022375 0.0
