0.8971641173621407 3440843.5789646287
1.1294627058970836 3449013.749370889
1.4219093021276406 1210021.1618527358
1.7900777537149968 952988.3923048192
2.25357437323923 1346035.826960253
2.8370820458389803 587568.7502222568
3.5716746828516763 283575.21736047766
4.496472020903848 191321.14442289455
5.660722890537329 82189.47009232664
7.126427896022374 57669.23840841045
8.971641173621407 32343.929642267514
11.294627058970837 15865.46324710608
14.219093021276404 7087.266805137462
17.900777537149963 3552.0476440452335
22.535743732392298 1432.876848054465
28.370820458389794 304.66527789302216
35.71674682851676 21.813478258498268
44.964720209038475 0.0
56.607228905373276 0.0
71.26427896022373 0.0
89.71641173621407 0.0
112.94627058970838 0.0
142.1909302127641 0.0
179.00777537149975 0.0
225.35743732392302 0.0
283.70820458389795 0.0
357.1674682851676 0.0
449.6472020903849 0.0
566.0722890537331 0.0
712.6427896022375 0.0
