0.8971641173621407 4817181.01055048
1.1294627058970836 6208224.748867599
1.4219093021276406 3975783.817516132
1.7900777537149968 3118871.102088499
2.25357437323923 1823661.4429784075
2.8370820458389803 826948.611423917
3.5716746828516763 338108.9130067234
4.496472020903848 202253.78124705996
5.660722890537329 90408.4171015593
7.126427896022374 63161.54682825907
8.971641173621407 34408.43578964629
11.294627058970837 18279.7728716657
14.219093021276404 6741.546473179537
17.900777537149963 3032.2357936971503
22.535743732392298 998.671742583415
28.370820458389794 21.7618055637873
35.71674682851676 0.0
44.964720209038475 0.0
56.607228905373276 0.0
71.26427896022373 0.0
89.71641173621407 0.0
112.94627058970838 0.0
142.1909302127641 0.0
179.00777537149975 0.0
225.35743732392302 0.0
283.70820458389795 0.0
357.1674682851676 0.0
449.6472020903849 0.0
566.0722890537331 0.0
712.6427896022375 0.0
