0.5660722890537327 2739649.0030775545
0.7126427896022374 6865385.52481077
0.8971641173621409 7569855.873722173
1.1294627058970836 6553126.123804692
1.4219093021276406 3802923.6515371692
1.7900777537149968 3292141.718871192
2.25357437323923 2214446.0379023496
2.8370820458389803 1131613.8893169407
3.5716746828516763 687124.5651426956
4.496472020903847 333445.4231370455
5.660722890537327 153420.34417234288
7.126427896022376 64534.62393322113
8.971641173621409 41290.122947575575
11.294627058970837 11381.745372923926
14.219093021276404 6395.8261412216125
17.900777537149963 3292.141718871192
22.535743732392305 1867.0819535255084
28.3708204583898 1001.0430559342175
35.71674682851676 54.53369564624567
44.964720209038475 5.46631841208271
56.607228905373276 0.0
71.26427896022375 0.0
