0.5660722890537327 13698245.015387774
0.7126427896022374 6865385.52481077
0.8971641173621409 3440843.578964624
1.1294627058970836 3793915.12430798
1.4219093021276406 3630063.485558207
1.7900777537149968 1819341.4762182904
2.25357437323923 2084184.5062610349
2.8370820458389803 979281.2503704295
3.5716746828516763 588963.9129794533
4.496472020903847 218652.73648330854
5.660722890537327 120544.55613541226
7.126427896022376 76892.3178778805
8.971641173621409 37161.11065281802
11.294627058970837 15175.660497231902
14.219093021276404 6568.686307200574
17.900777537149963 2772.329868523109
22.535743732392305 781.5691898478873
28.3708204583898 43.523611127574675
35.71674682851676 0.0
44.964720209038475 0.0
56.607228905373276 0.0
71.26427896022375 0.0
