0.8971641173621407 12387036.884272663
1.1294627058970836 10002139.873175576
1.4219093021276406 7605847.3030743385
1.7900777537149968 6064471.587394304
2.25357437323923 4385471.565257599
2.8370820458389803 2916081.9455474964
3.5716746828516763 1483316.521577883
4.496472020903848 1016735.2246473825
5.660722890537329 545190.1516124334
7.126427896022374 297957.7317767873
8.971641173621407 167913.1666534739
11.294627058970837 87604.94923402052
14.219093021276404 47709.405810193646
17.900777537149963 27116.85152649166
22.535743732392298 13851.142864526495
28.370820458389794 6354.447224625891
35.71674682851676 2628.5241301490414
44.964720209038475 497.4349754995266
56.607228905373276 68.49122507693883
71.26427896022373 6.865385524810776
89.71641173621407 0.0
112.94627058970838 0.3449013749370885
142.1909302127641 0.0
179.00777537149975 0.0
225.35743732392302 0.0
283.70820458389795 0.0
357.1674682851676 0.0
449.6472020903849 0.0
566.0722890537331 0.0
712.6427896022375 0.0
