0.8971641173621407 2064506.1473787772
1.1294627058970836 2069408.249622533
1.4219093021276406 2247182.157726509
1.7900777537149968 1646070.8594355967
2.25357437323923 1519717.8691486728
2.8370820458389803 631092.3613498313
3.5716746828516763 447176.3042992148
4.496472020903848 163989.55236248104
5.660722890537329 87668.76809848174
7.126427896022374 63161.54682825907
8.971641173621407 35784.77322123214
11.294627058970837 18969.575621539876
14.219093021276404 10198.749792758786
17.900777537149963 5977.836279002953
22.535743732392298 2388.1280800907753
28.370820458389794 609.3305557860443
35.71674682851676 0.0
44.964720209038475 0.0
56.607228905373276 0.0
71.26427896022373 0.0
89.71641173621407 0.0
112.94627058970838 0.0
142.1909302127641 0.0
179.00777537149975 0.0
225.35743732392302 0.0
283.70820458389795 0.0
357.1674682851676 0.0
449.6472020903849 0.0
566.0722890537331 0.0
712.6427896022375 0.0
