0.8971641173621407 15139711.747444365
1.1294627058970836 15865463.247106088
1.4219093021276406 9334448.962863961
1.7900777537149968 7970448.372003942
2.25357437323923 4385471.565257599
2.8370820458389803 2698463.8899096237
3.5716746828516763 1723264.7824213642
4.496472020903848 776217.2145157437
5.660722890537329 397249.1054462454
7.126427896022374 175753.86943515565
8.971641173621407 104601.64480052472
11.294627058970837 52425.008990437476
14.219093021276404 25929.024896844374
17.900777537149963 12388.849099962643
22.535743732392298 4689.41513908734
28.370820458389794 1327.4701393910252
35.71674682851676 239.94826084348094
44.964720209038475 10.93263682416542
56.607228905373276 0.0
71.26427896022373 0.0
89.71641173621407 0.0
112.94627058970838 0.0
142.1909302127641 0.0
179.00777537149975 0.0
225.35743732392302 0.0
283.70820458389795 0.0
357.1674682851676 0.0
449.6472020903849 0.0
566.0722890537331 0.0
712.6427896022375 0.0
