0.8971641173621407 6193518.442136331
1.1294627058970836 8277632.998490132
1.4219093021276406 6222965.975242641
1.7900777537149968 2945600.4853058048
2.25357437323923 1606558.8902428828
2.8370820458389803 935757.6392428534
3.5716746828516763 436269.5651699656
4.496472020903848 207720.09965914267
5.660722890537329 153420.34417234306
7.126427896022374 52176.92998856184
8.971641173621407 26150.41120013118
11.294627058970837 14485.857747357724
14.219093021276404 6050.105809263688
17.900777537149963 2512.4239433490675
22.535743732392298 434.20510547105
28.370820458389794 21.7618055637873
35.71674682851676 0.0
44.964720209038475 0.0
56.607228905373276 0.0
71.26427896022373 0.0
89.71641173621407 0.0
112.94627058970838 0.0
142.1909302127641 0.0
179.00777537149975 0.0
225.35743732392302 0.0
283.70820458389795 0.0
357.1674682851676 0.0
449.6472020903849 0.0
566.0722890537331 0.0
712.6427896022375 0.0
