0.8971641173621407 8946193.305308035
1.1294627058970836 6898027.498741778
1.4219093021276406 7432987.137095377
1.7900777537149968 7104095.28809047
2.25357437323923 3907845.9492394445
2.8370820458389803 3003129.167802646
3.5716746828516763 1777798.47806761
4.496472020903848 940206.7668782247
5.660722890537329 550669.4496185884
7.126427896022374 299330.80888174946
8.971641173621407 145891.76774810028
11.294627058970837 105539.82073074914
14.219093021276404 47190.82531225676
17.900777537149963 28849.557694318602
22.535743732392298 12027.481421548086
28.370820458389794 7311.966669432532
35.71674682851676 3402.9026083257295
44.964720209038475 705.1550751586697
56.607228905373276 43.83438404924085
71.26427896022373 2.7461542099243106
89.71641173621407 0.0
112.94627058970838 0.0
142.1909302127641 0.0
179.00777537149975 0.0
225.35743732392302 0.0
283.70820458389795 0.0
357.1674682851676 0.0
449.6472020903849 0.0
566.0722890537331 0.0
712.6427896022375 0.0
