0.8971641173621407 5505349.726343405
1.1294627058970836 5173520.624056333
1.4219093021276406 6222965.975242641
1.7900777537149968 4938212.57830679
2.25357437323923 3256538.2910328703
2.8370820458389803 2372036.8064528145
3.5716746828516763 1286995.2172513986
4.496472020903848 754351.9408674128
5.660722890537329 367112.96641239227
7.126427896022374 230676.9536336418
8.971641173621407 160343.31077975172
11.294627058970837 79672.21761046749
14.219093021276404 37510.65601743486
17.900777537149963 25037.60412509933
22.535743732392298 12114.322442642295
28.370820458389794 4896.406251852142
35.71674682851676 1265.1817389928995
44.964720209038475 169.455870774564
56.607228905373276 0.0
71.26427896022373 0.0
89.71641173621407 0.0
112.94627058970838 0.0
142.1909302127641 0.0
179.00777537149975 0.0
225.35743732392302 0.0
283.70820458389795 0.0
357.1674682851676 0.0
449.6472020903849 0.0
566.0722890537331 0.0
712.6427896022375 0.0
