0.8971641173621407 5505349.726343405
1.1294627058970836 4138816.499245066
1.4219093021276406 2592902.4896844337
1.7900777537149968 2772329.86852311
2.25357437323923 1780240.9324313025
2.8370820458389803 1196899.3060083007
3.5716746828516763 785285.2173059381
4.496472020903848 519300.24914785667
5.660722890537329 342456.1253846943
7.126427896022374 163396.17549049627
8.971641173621407 77763.06488460062
11.294627058970837 43802.47461701026
14.219093021276404 21261.80041541239
17.900777537149963 11435.860707657825
22.535743732392298 5123.62024455839
28.370820458389794 1827.991667358133
35.71674682851676 458.0830434284636
44.964720209038475 71.06213935707524
56.607228905373276 10.958596012310213
71.26427896022373 1.3730771049621553
89.71641173621407 0.0
112.94627058970838 0.0
142.1909302127641 0.0
179.00777537149975 0.0
225.35743732392302 0.0
283.70820458389795 0.0
357.1674682851676 0.0
449.6472020903849 0.0
566.0722890537331 0.0
712.6427896022375 0.0
