0.8971641173621407 6193518.442136331
1.1294627058970836 7587830.248615955
1.4219093021276406 8297287.966990188
1.7900777537149968 6584283.437742387
2.25357437323923 5384143.307841012
2.8370820458389803 4613502.779522905
3.5716746828516763 2737591.521441534
4.496472020903848 1880413.5337564494
5.660722890537329 1095859.6012310218
7.126427896022374 735969.3282597143
8.971641173621407 368858.43166500825
11.294627058970837 219702.17583492547
14.219093021276404 128089.3829904112
17.900777537149963 65929.46968581519
22.535743732392298 33781.157205647694
28.370820458389794 15733.785422618217
35.71674682851676 6391.349129739992
44.964720209038475 2618.366519387618
56.607228905373276 884.9066279940497
71.26427896022373 127.69617076148045
89.71641173621407 3.4408435789646274
112.94627058970838 0.0
142.1909302127641 0.0
179.00777537149975 0.0
225.35743732392302 0.0
283.70820458389795 0.0
357.1674682851676 0.0
449.6472020903849 0.0
566.0722890537331 0.0
712.6427896022375 0.0
