0.8971641173621407 6881687.1579292575
1.1294627058970836 6553126.123804688
1.4219093021276406 4321504.149474056
1.7900777537149968 4851577.269915443
2.25357437323923 3777584.4175981297
2.8370820458389803 2959605.5566750714
3.5716746828516763 1952306.3041355961
4.496472020903848 923807.8116419766
5.660722890537329 449302.4365047189
7.126427896022374 207334.64284928518
8.971641173621407 133504.7308638276
11.294627058970837 59667.93786411634
14.219093021276404 33362.01203393976
17.900777537149963 14814.637734920363
22.535743732392298 7815.6918984789
28.370820458389794 3503.6506957697547
35.71674682851676 1177.9278259589064
44.964720209038475 295.18119425246636
56.607228905373276 35.61543704000819
71.26427896022373 0.0
89.71641173621407 0.0
112.94627058970838 0.0
142.1909302127641 0.0
179.00777537149975 0.0
225.35743732392302 0.0
283.70820458389795 0.0
357.1674682851676 0.0
449.6472020903849 0.0
566.0722890537331 0.0
712.6427896022375 0.0
