0.8971641173621407 6881687.1579292575
1.1294627058970836 4483717.874182155
1.4219093021276406 3457203.319579245
1.7900777537149968 3638682.952436582
2.25357437323923 2561810.1222791914
2.8370820458389803 1305708.3338272374
3.5716746828516763 1014326.7390201701
4.496472020903848 650491.8910378414
5.660722890537329 339716.4763816167
7.126427896022374 211453.87416417166
8.971641173621407 111483.33195845399
11.294627058970837 54494.41724006001
14.219093021276404 28694.787552507772
17.900777537149963 20532.568088749274
22.535743732392298 9074.886704344945
28.370820458389794 3895.3631959179265
35.71674682851676 948.8863042446746
44.964720209038475 158.5232339503986
56.607228905373276 5.479298006155107
71.26427896022373 0.0
89.71641173621407 0.0
112.94627058970838 0.0
142.1909302127641 0.0
179.00777537149975 0.0
225.35743732392302 0.0
283.70820458389795 0.0
357.1674682851676 0.0
449.6472020903849 0.0
566.0722890537331 0.0
712.6427896022375 0.0
