0.8971641173621407 3440843.5789646287
1.1294627058970836 6553126.123804688
1.4219093021276406 2938622.8216423583
1.7900777537149968 1992612.0930009854
2.25357437323923 1649979.4007899875
2.8370820458389803 1153375.6948807263
3.5716746828516763 698031.304271945
4.496472020903848 601295.0253290972
5.660722890537329 230130.51625851457
7.126427896022374 105726.93708208583
8.971641173621407 77763.06488460062
11.294627058970837 38973.85536789102
14.219093021276404 27657.626556634
17.900777537149963 12562.119716745337
22.535743732392298 5992.0304555004905
28.370820458389794 2741.9875010371993
35.71674682851676 1101.5806520541626
44.964720209038475 169.455870774564
56.607228905373276 16.437894018465318
71.26427896022373 0.0
89.71641173621407 0.0
112.94627058970838 0.0
142.1909302127641 0.0
179.00777537149975 0.0
225.35743732392302 0.0
283.70820458389795 0.0
357.1674682851676 0.0
449.6472020903849 0.0
566.0722890537331 0.0
712.6427896022375 0.0
