0.8971641173621407 7569855.873722183
1.1294627058970836 3104112.3744337996
1.4219093021276406 6568686.307200565
1.7900777537149968 3638682.952436582
2.25357437323923 2735492.164467611
2.8370820458389803 2306751.3897614526
3.5716746828516763 1701451.304162866
4.496472020903848 912875.1748178111
5.660722890537329 589024.5356616742
7.126427896022374 310315.4257214467
8.971641173621407 187181.89069567583
11.294627058970837 102780.60973125242
14.219093021276404 56179.55394316281
17.900777537149963 32141.699413189795
22.535743732392298 16803.737581729634
28.370820458389794 8443.580558749472
35.71674682851676 3435.622825713477
44.964720209038475 1131.527911301121
56.607228905373276 60.27227806770617
71.26427896022373 0.0
89.71641173621407 0.0
112.94627058970838 0.0
142.1909302127641 0.0
179.00777537149975 0.0
225.35743732392302 0.0
283.70820458389795 0.0
357.1674682851676 0.0
449.6472020903849 0.0
566.0722890537331 0.0
712.6427896022375 0.0
