0.5660722890537327 2739649.0030775545
0.7126427896022374 16476925.259545848
0.8971641173621409 10322530.736893872
1.1294627058970836 7587830.24861596
1.4219093021276406 7432987.137095377
1.7900777537149968 5198118.503480829
2.25357437323923 2474969.1011849786
2.8370820458389803 1545088.1950288997
3.5716746828516763 621684.1303672007
4.496472020903847 322512.7863128801
5.660722890537327 139722.0991569551
7.126427896022376 67280.77814314544
8.971641173621409 28903.086063302904
11.294627058970837 16555.265996980255
14.219093021276404 5185.804979368875
17.900777537149963 2339.1533265663734
22.535743732392305 738.1486793007824
28.3708204583898 130.570833382724
35.71674682851676 10.906739129249134
44.964720209038475 0.0
56.607228905373276 0.0
71.26427896022375 0.0
