0.8971641173621407 4817181.01055048
1.1294627058970836 1034704.1248112665
1.4219093021276406 1037160.9958737735
1.7900777537149968 1472800.2426529024
2.25357437323923 1042092.2531305185
2.8370820458389803 718139.5836049805
3.5716746828516763 349015.6521359725
4.496472020903848 218652.73648330808
5.660722890537329 117804.90713233485
7.126427896022374 52176.92998856184
8.971641173621407 24774.073768545328
11.294627058970837 21728.786621036586
14.219093021276404 9853.029460800863
17.900777537149963 5198.1185034808295
22.535743732392298 1910.5024640726201
28.370820458389794 369.95069458438405
35.71674682851676 119.97413042174047
44.964720209038475 0.0
56.607228905373276 0.0
71.26427896022373 0.0
89.71641173621407 0.0
112.94627058970838 0.0
142.1909302127641 0.0
179.00777537149975 0.0
225.35743732392302 0.0
283.70820458389795 0.0
357.1674682851676 0.0
449.6472020903849 0.0
566.0722890537331 0.0
712.6427896022375 0.0
