0.8971641173621407 2064506.1473787772
1.1294627058970836 2069408.249622533
1.4219093021276406 2592902.4896844337
1.7900777537149968 2599059.251740416
2.25357437323923 1302615.316413148
2.8370820458389803 1414517.3616461738
3.5716746828516763 687124.5651426959
4.496472020903848 388108.60725787183
5.660722890537329 183556.48320619614
7.126427896022374 115338.4768168209
8.971641173621407 57806.172126605765
11.294627058970837 42077.967742324814
14.219093021276404 21953.241079328236
17.900777537149963 10742.778240527046
22.535743732392298 5167.040755105495
28.370820458389794 1893.277084049495
35.71674682851676 381.73586952371966
44.964720209038475 10.93263682416542
56.607228905373276 0.0
71.26427896022373 0.0
89.71641173621407 0.0
112.94627058970838 0.0
142.1909302127641 0.0
179.00777537149975 0.0
225.35743732392302 0.0
283.70820458389795 0.0
357.1674682851676 0.0
449.6472020903849 0.0
566.0722890537331 0.0
712.6427896022375 0.0
