0.8971641173621407 15827880.463237291
1.1294627058970836 8967435.74836431
1.4219093021276406 7087266.805137452
1.7900777537149968 5024847.886698137
2.25357437323923 1823661.4429784075
2.8370820458389803 848710.4169877042
3.5716746828516763 501709.99994546047
4.496472020903848 251450.6469558043
5.660722890537329 147941.04616618794
7.126427896022374 61788.46972329691
8.971641173621407 20645.061473787773
11.294627058970837 5518.421998993419
14.219093021276404 1555.7414938106624
17.900777537149963 0.0
22.535743732392298 0.0
28.370820458389794 0.0
35.71674682851676 0.0
44.964720209038475 0.0
56.607228905373276 0.0
71.26427896022373 0.0
89.71641173621407 0.0
112.94627058970838 0.0
142.1909302127641 0.0
179.00777537149975 0.0
225.35743732392302 0.0
283.70820458389795 0.0
357.1674682851676 0.0
449.6472020903849 0.0
566.0722890537331 0.0
712.6427896022375 0.0
