0.8971641173621407 7569855.873722183
1.1294627058970836 3793915.1243079775
1.4219093021276406 2247182.157726509
1.7900777537149968 2079247.4013923327
2.25357437323923 2257866.5484494567
2.8370820458389803 1044566.6670617898
3.5716746828516763 567150.4347209553
4.496472020903848 333445.4231370448
5.660722890537329 189035.78121235126
7.126427896022374 75519.24077291845
8.971641173621407 45419.135242333105
11.294627058970837 27592.109994967093
14.219093021276404 13310.232780380113
17.900777537149963 9269.977997874146
22.535743732392298 4863.09718127576
28.370820458389794 3220.74722344052
35.71674682851676 1505.1299998363804
44.964720209038475 464.63706502703036
56.607228905373276 54.79298006155106
71.26427896022373 0.0
89.71641173621407 0.0
112.94627058970838 0.0
142.1909302127641 0.0
179.00777537149975 0.0
225.35743732392302 0.0
283.70820458389795 0.0
357.1674682851676 0.0
449.6472020903849 0.0
566.0722890537331 0.0
712.6427896022375 0.0
