0.8971641173621407 13075205.600065589
1.1294627058970836 10691942.623049755
1.4219093021276406 8470148.13296915
1.7900777537149968 6757554.054525081
2.25357437323923 4776256.160181543
2.8370820458389803 3677745.1402800516
3.5716746828516763 1614197.3911288728
4.496472020903848 967538.3589386382
5.660722890537329 432864.5424862536
7.126427896022374 229303.87652867966
8.971641173621407 134881.06829541345
11.294627058970837 57253.62823955672
14.219093021276404 25756.16473086541
17.900777537149963 11695.766632831866
22.535743732392298 4124.948501974975
28.370820458389794 1001.0430559342157
35.71674682851676 109.06739129249134
44.964720209038475 0.0
56.607228905373276 0.0
71.26427896022373 0.0
89.71641173621407 0.0
112.94627058970838 0.0
142.1909302127641 0.0
179.00777537149975 0.0
225.35743732392302 0.0
283.70820458389795 0.0
357.1674682851676 0.0
449.6472020903849 0.0
566.0722890537331 0.0
712.6427896022375 0.0
