0.8971641173621407 10322530.736893887
1.1294627058970836 5173520.624056333
1.4219093021276406 4494364.315453018
1.7900777537149968 3118871.102088499
2.25357437323923 2040763.995713932
2.8370820458389803 1370993.750518599
3.5716746828516763 687124.5651426959
4.496472020903848 322512.7863128794
5.660722890537329 167118.58918773083
7.126427896022374 89250.01182253998
8.971641173621407 52300.82240026236
11.294627058970837 26902.307245092918
14.219093021276404 18668.89792572795
17.900777537149963 7277.365904873161
22.535743732392298 2605.2306328263003
28.370820458389794 1044.5666670617902
35.71674682851676 174.50782606798614
44.964720209038475 0.0
56.607228905373276 0.0
71.26427896022373 0.0
89.71641173621407 0.0
112.94627058970838 0.0
142.1909302127641 0.0
179.00777537149975 0.0
225.35743732392302 0.0
283.70820458389795 0.0
357.1674682851676 0.0
449.6472020903849 0.0
566.0722890537331 0.0
712.6427896022375 0.0
