0.8971641173621407 8946193.305308035
1.1294627058970836 5863323.373930511
1.4219093021276406 5531525.3113267915
1.7900777537149968 5024847.886698137
2.25357437323923 3951266.459786549
2.8370820458389803 2459084.0287079634
3.5716746828516763 1897772.6084893504
4.496472020903848 1109662.6376527885
5.660722890537329 569846.9926401313
7.126427896022374 343269.2762405384
8.971641173621407 146579.9364638932
11.294627058970837 76913.00661097077
14.219093021276404 31806.2705401291
17.900777537149963 10396.237006961659
22.535743732392298 3213.1177804857703
28.370820458389794 805.18680586013
35.71674682851676 87.25391303399307
44.964720209038475 5.46631841208271
56.607228905373276 0.0
71.26427896022373 0.0
89.71641173621407 0.0
112.94627058970838 0.0
142.1909302127641 0.0
179.00777537149975 0.0
225.35743732392302 0.0
283.70820458389795 0.0
357.1674682851676 0.0
449.6472020903849 0.0
566.0722890537331 0.0
712.6427896022375 0.0
