0.8971641173621407 38537448.08440384
1.1294627058970836 23798194.87065913
1.4219093021276406 16248855.60202245
1.7900777537149968 12562119.716745343
2.25357437323923 5514404.839482327
2.8370820458389803 3830077.779226563
3.5716746828516763 1985026.5215233436
4.496472020903848 962072.0405265555
5.660722890537329 443823.13849856384
7.126427896022374 238915.41626341472
8.971641173621407 110106.99452686813
11.294627058970837 67945.57086260647
14.219093021276404 27830.48672261296
17.900777537149963 13341.837492267461
22.535743732392298 4472.312586351815
28.370820458389794 1066.3284726255777
35.71674682851676 141.78760868023875
44.964720209038475 5.46631841208271
56.607228905373276 0.0
71.26427896022373 0.0
89.71641173621407 0.0
112.94627058970838 0.0
142.1909302127641 0.0
179.00777537149975 0.0
225.35743732392302 0.0
283.70820458389795 0.0
357.1674682851676 0.0
449.6472020903849 0.0
566.0722890537331 0.0
712.6427896022375 0.0
