0.8971641173621407 8258024.589515109
1.1294627058970836 5173520.624056333
1.4219093021276406 4148643.983495094
1.7900777537149968 4158494.8027846655
2.25357437323923 1953922.9746197222
2.8370820458389803 1436279.167209961
3.5716746828516763 959793.0433739244
4.496472020903848 481036.02026327775
5.660722890537329 293142.44332929834
7.126427896022374 166142.32970042058
8.971641173621407 90838.27048466621
11.294627058970837 44837.178741821524
14.219093021276404 24200.42323705475
17.900777537149963 14294.825884572281
22.535743732392298 7164.384240272325
28.370820458389794 2437.3222231441773
35.71674682851676 588.9639129794532
44.964720209038475 81.99477618124065
56.607228905373276 0.0
71.26427896022373 0.0
89.71641173621407 0.0
112.94627058970838 0.0
142.1909302127641 0.0
179.00777537149975 0.0
225.35743732392302 0.0
283.70820458389795 0.0
357.1674682851676 0.0
449.6472020903849 0.0
566.0722890537331 0.0
712.6427896022375 0.0
