0.8971641173621407 23397736.336959474
1.1294627058970836 8967435.74836431
1.4219093021276406 7087266.805137452
1.7900777537149968 4591671.344741401
2.25357437323923 2171025.5273552467
2.8370820458389803 1327470.1393910246
3.5716746828516763 556243.6955917062
4.496472020903848 377175.9704337064
5.660722890537329 156159.9931754206
7.126427896022374 90623.08892750213
8.971641173621407 47483.641389711884
11.294627058970837 27247.208620030004
14.219093021276404 15038.834440169738
17.900777537149963 6064.4715873943005
22.535743732392298 2084.18450626104
28.370820458389794 435.23611127574594
35.71674682851676 87.25391303399307
44.964720209038475 5.46631841208271
56.607228905373276 0.0
71.26427896022373 0.0
89.71641173621407 0.0
112.94627058970838 0.0
142.1909302127641 0.0
179.00777537149975 0.0
225.35743732392302 0.0
283.70820458389795 0.0
357.1674682851676 0.0
449.6472020903849 0.0
566.0722890537331 0.0
712.6427896022375 0.0
