0.8971641173621407 11698868.168479737
1.1294627058970836 7932731.623553044
1.4219093021276406 4494364.315453018
1.7900777537149968 4851577.269915443
2.25357437323923 2171025.5273552467
2.8370820458389803 1806229.8617943448
3.5716746828516763 785285.2173059381
4.496472020903848 437305.47296661616
5.660722890537329 249308.05928005747
7.126427896022374 93369.24313742644
8.971641173621407 41290.122947575546
11.294627058970837 28281.91274484127
14.219093021276404 15903.13527006455
17.900777537149963 6237.742204176995
22.535743732392298 2518.38961173209
28.370820458389794 826.9486114239173
35.71674682851676 174.50782606798614
44.964720209038475 0.0
56.607228905373276 0.0
71.26427896022373 0.0
89.71641173621407 0.0
112.94627058970838 0.0
142.1909302127641 0.0
179.00777537149975 0.0
225.35743732392302 0.0
283.70820458389795 0.0
357.1674682851676 0.0
449.6472020903849 0.0
566.0722890537331 0.0
712.6427896022375 0.0
