0.8971641173621407 8946193.305308035
1.1294627058970836 5173520.624056333
1.4219093021276406 4840084.647410943
1.7900777537149968 3898588.877610624
2.25357437323923 2344707.5695436667
2.8370820458389803 1066328.4726255771
3.5716746828516763 763471.7390474399
4.496472020903848 393574.9256699545
5.660722890537329 210952.97323697168
7.126427896022374 116711.55392178305
8.971641173621407 72945.88387405014
11.294627058970837 27247.208620030004
14.219093021276404 18323.177593770026
17.900777537149963 7970.448372003938
22.535743732392298 3560.48186486261
28.370820458389794 979.2812503704284
35.71674682851676 141.78760868023875
44.964720209038475 27.331592060413552
56.607228905373276 0.0
71.26427896022373 0.0
89.71641173621407 0.0
112.94627058970838 0.0
142.1909302127641 0.0
179.00777537149975 0.0
225.35743732392302 0.0
283.70820458389795 0.0
357.1674682851676 0.0
449.6472020903849 0.0
566.0722890537331 0.0
712.6427896022375 0.0
