0.8971641173621407 10322530.736893887
1.1294627058970836 12071548.12279811
1.4219093021276406 6914406.63915849
1.7900777537149968 7190730.596481817
2.25357437323923 5514404.839482327
2.8370820458389803 3373079.8623870295
3.5716746828516763 2443109.5649518077
4.496472020903848 1650828.1604489759
5.660722890537329 1013670.1311386952
7.126427896022374 589050.0780287639
8.971641173621407 317245.7779805388
11.294627058970837 160034.23797080913
14.219093021276404 102506.07842552476
17.900777537149963 50595.02010054674
22.535743732392298 30871.982998991654
28.370820458389794 16125.497922766388
35.71674682851676 7863.758912188625
44.964720209038475 3651.5006992712506
56.607228905373276 1558.8602827511277
71.26427896022373 387.2077435993278
89.71641173621407 145.8917677481002
112.94627058970838 62.082247488675925
142.1909302127641 20.051779253559584
179.00777537149975 0.9529883923048176
225.35743732392302 0.0
283.70820458389795 0.0
357.1674682851676 0.0
449.6472020903849 0.0
566.0722890537331 0.0
712.6427896022375 0.0
