0.8971641173621407 13763374.315858515
1.1294627058970836 9312337.1233014
1.4219093021276406 7951567.635032264
1.7900777537149968 4938212.57830679
2.25357437323923 2127605.016808142
2.8370820458389803 1218661.1115720882
3.5716746828516763 468989.78255771304
4.496472020903848 262383.2837799697
5.660722890537329 68491.22507693886
7.126427896022374 26088.46499428092
8.971641173621407 10322.530736893887
11.294627058970837 6898.027498741773
14.219093021276404 3630.0634855582125
17.900777537149963 693.0824671307772
22.535743732392298 0.0
28.370820458389794 0.0
35.71674682851676 0.0
44.964720209038475 0.0
56.607228905373276 0.0
71.26427896022373 0.0
89.71641173621407 0.0
112.94627058970838 0.0
142.1909302127641 0.0
179.00777537149975 0.0
225.35743732392302 0.0
283.70820458389795 0.0
357.1674682851676 0.0
449.6472020903849 0.0
566.0722890537331 0.0
712.6427896022375 0.0
