0.8971641173621407 2752674.8631717027
1.1294627058970836 3104112.3744337996
1.4219093021276406 3284343.1536002825
1.7900777537149968 2079247.4013923327
2.25357437323923 1606558.8902428828
2.8370820458389803 1044566.6670617898
3.5716746828516763 567150.4347209553
4.496472020903848 256916.96536788697
5.660722890537329 142461.74816003282
7.126427896022374 75519.24077291845
8.971641173621407 40601.95423178262
11.294627058970837 26557.405870155828
14.219093021276404 12445.9319504853
17.900777537149963 5458.0244286548705
22.535743732392298 2865.75369610893
28.370820458389794 913.9958336790665
35.71674682851676 185.41456519723528
44.964720209038475 5.46631841208271
56.607228905373276 0.0
71.26427896022373 0.0
89.71641173621407 0.0
112.94627058970838 0.0
142.1909302127641 0.0
179.00777537149975 0.0
225.35743732392302 0.0
283.70820458389795 0.0
357.1674682851676 0.0
449.6472020903849 0.0
566.0722890537331 0.0
712.6427896022375 0.0
