0.8971641173621407 8258024.589515109
1.1294627058970836 5863323.373930511
1.4219093021276406 5358665.14534783
1.7900777537149968 3205506.4104798464
2.25357437323923 1823661.4429784075
2.8370820458389803 1001043.0559342153
3.5716746828516763 534430.217333208
4.496472020903848 229585.37330747346
5.660722890537329 145201.39716311038
7.126427896022374 64534.62393322122
8.971641173621407 24774.073768545328
11.294627058970837 11381.745372923926
14.219093021276404 8297.2879669902
17.900777537149963 4505.036036350052
22.535743732392298 1606.5588902428851
28.370820458389794 500.52152796710783
35.71674682851676 163.601086938737
44.964720209038475 0.0
56.607228905373276 0.0
71.26427896022373 0.0
89.71641173621407 0.0
112.94627058970838 0.0
142.1909302127641 0.0
179.00777537149975 0.0
225.35743732392302 0.0
283.70820458389795 0.0
357.1674682851676 0.0
449.6472020903849 0.0
566.0722890537331 0.0
712.6427896022375 0.0
