0.8971641173621407 6193518.442136331
1.1294627058970836 8967435.74836431
1.4219093021276406 11754491.286569433
1.7900777537149968 7017459.979699123
2.25357437323923 6426235.560971531
2.8370820458389803 4831120.835160778
3.5716746828516763 2944819.564897268
4.496472020903848 2028004.1308826823
5.660722890537329 1189007.6673356586
7.126427896022374 676927.0127463418
8.971641173621407 357847.7322123214
11.294627058970837 219012.3730850513
14.219093021276404 122903.57801104234
17.900777537149963 64370.03413477093
22.535743732392298 34171.941800571636
28.370820458389794 17648.8243122315
35.71674682851676 8932.619346855041
44.964720209038475 3864.687117342476
56.607228905373276 1364.3452035326216
71.26427896022373 372.10389544474407
89.71641173621407 61.24701570557036
112.94627058970838 3.7939151243079734
142.1909302127641 0.0
179.00777537149975 0.0
225.35743732392302 0.0
283.70820458389795 0.0
357.1674682851676 0.0
449.6472020903849 0.0
566.0722890537331 0.0
712.6427896022375 0.0
