0.8971641173621407 6193518.442136331
1.1294627058970836 2759210.999496711
1.4219093021276406 2247182.157726509
1.7900777537149968 2512423.9433490685
2.25357437323923 1172353.7847718333
2.8370820458389803 565806.9446584695
3.5716746828516763 359922.39126522164
4.496472020903848 256916.96536788697
5.660722890537329 131503.1521477226
7.126427896022374 76892.3178778806
8.971641173621407 35784.77322123214
11.294627058970837 22073.687995973676
14.219093021276404 6568.686307200574
17.900777537149963 2339.1533265663734
22.535743732392298 260.52306328263
28.370820458389794 43.5236111275746
35.71674682851676 0.0
44.964720209038475 0.0
56.607228905373276 0.0
71.26427896022373 0.0
89.71641173621407 0.0
112.94627058970838 0.0
142.1909302127641 0.0
179.00777537149975 0.0
225.35743732392302 0.0
283.70820458389795 0.0
357.1674682851676 0.0
449.6472020903849 0.0
566.0722890537331 0.0
712.6427896022375 0.0
