0.8971641173621407 6193518.442136331
1.1294627058970836 3793915.1243079775
1.4219093021276406 4148643.983495094
1.7900777537149968 5111483.195089485
2.25357437323923 4689415.139087333
2.8370820458389803 3394841.667950817
3.5716746828516763 2595803.9127612957
4.496472020903848 1481372.2896744122
5.660722890537329 854770.488960197
7.126427896022374 525888.5312005049
8.971641173621407 303482.40366468026
11.294627058970837 169691.47646904763
14.219093021276404 97665.99377811381
17.900777537149963 50335.1141753727
22.535743732392298 26139.147349357212
28.370820458389794 14710.980561120214
35.71674682851676 6838.525434039207
44.964720209038475 2607.4338825634527
56.607228905373276 515.05401257858
71.26427896022373 12.357693944659397
89.71641173621407 0.0
112.94627058970838 0.0
142.1909302127641 0.0
179.00777537149975 0.0
225.35743732392302 0.0
283.70820458389795 0.0
357.1674682851676 0.0
449.6472020903849 0.0
566.0722890537331 0.0
712.6427896022375 0.0
