0.8971641173621407 10322530.736893887
1.1294627058970836 13106252.247609377
1.4219093021276406 10198749.792758772
1.7900777537149968 8923436.764308762
2.25357437323923 7468327.814102049
2.8370820458389803 5201071.5297451615
3.5716746828516763 3010259.999672763
4.496472020903848 1814817.712811457
5.660722890537329 1021889.0781479278
7.126427896022374 576692.3840841046
8.971641173621407 340643.51431749825
11.294627058970837 193144.76996476966
14.219093021276404 110284.78589457808
17.900777537149963 59345.1862480728
22.535743732392298 29222.003598201667
28.370820458389794 15124.454866832171
35.71674682851676 6707.644564488217
44.964720209038475 2202.926320069332
56.607228905373276 569.846992640131
71.26427896022373 83.75770340269148
89.71641173621407 2.0645061473787765
112.94627058970838 0.0
142.1909302127641 0.0
179.00777537149975 0.0
225.35743732392302 0.0
283.70820458389795 0.0
357.1674682851676 0.0
449.6472020903849 0.0
566.0722890537331 0.0
712.6427896022375 0.0
