0.8971641173621407 6881687.1579292575
1.1294627058970836 5518421.998993422
1.4219093021276406 4667224.481431981
1.7900777537149968 2858965.176914457
2.25357437323923 2692071.653920506
2.8370820458389803 2045609.722996005
3.5716746828516763 1101580.6520541632
4.496472020903848 759818.2592794956
5.660722890537329 378071.5624247025
7.126427896022374 214200.02837409597
8.971641173621407 113547.83810583276
11.294627058970837 71394.58461197735
14.219093021276404 37856.37634939278
17.900777537149963 20359.29747196658
22.535743732392298 12722.209590301765
28.370820458389794 7116.110419358446
35.71674682851676 3250.208260516242
44.964720209038475 945.6730852903089
56.607228905373276 84.92911909540415
71.26427896022373 15.103848154583709
89.71641173621407 0.0
112.94627058970838 0.0
142.1909302127641 0.0
179.00777537149975 0.0
225.35743732392302 0.0
283.70820458389795 0.0
357.1674682851676 0.0
449.6472020903849 0.0
566.0722890537331 0.0
712.6427896022375 0.0
