0.8971641173621407 3440843.5789646287
1.1294627058970836 4483717.874182155
1.4219093021276406 2592902.4896844337
1.7900777537149968 2685694.560131763
2.25357437323923 1128933.2742247283
2.8370820458389803 696377.7780411933
3.5716746828516763 381735.86952371994
4.496472020903848 213186.41807122537
5.660722890537329 79449.82108924908
7.126427896022374 67280.77814314552
8.971641173621407 27526.748631717033
11.294627058970837 22763.490745847852
14.219093021276404 10371.60995873775
17.900777537149963 4678.306653132747
22.535743732392298 1172.353784771835
28.370820458389794 152.33263894651108
35.71674682851676 21.813478258498268
44.964720209038475 0.0
56.607228905373276 0.0
71.26427896022373 0.0
89.71641173621407 0.0
112.94627058970838 0.0
142.1909302127641 0.0
179.00777537149975 0.0
225.35743732392302 0.0
283.70820458389795 0.0
357.1674682851676 0.0
449.6472020903849 0.0
566.0722890537331 0.0
712.6427896022375 0.0
