0.8971641173621407 7569855.873722183
1.1294627058970836 5518421.998993422
1.4219093021276406 3457203.319579245
1.7900777537149968 2772329.86852311
2.25357437323923 2344707.5695436667
2.8370820458389803 1175137.5004445135
3.5716746828516763 719844.7825304433
4.496472020903848 267849.6021920524
5.660722890537329 161639.2911815757
7.126427896022374 112592.32260689659
8.971641173621407 58494.34084239869
11.294627058970837 19314.476996476966
14.219093021276404 16594.5759339804
17.900777537149963 7537.2718300472025
22.535743732392298 2084.18450626104
28.370820458389794 478.75972240332055
35.71674682851676 10.906739129249134
44.964720209038475 0.0
56.607228905373276 0.0
71.26427896022373 0.0
89.71641173621407 0.0
112.94627058970838 0.0
142.1909302127641 0.0
179.00777537149975 0.0
225.35743732392302 0.0
283.70820458389795 0.0
357.1674682851676 0.0
449.6472020903849 0.0
566.0722890537331 0.0
712.6427896022375 0.0
