0.8971641173621407 4129012.2947575543
1.1294627058970836 1724506.8746854444
1.4219093021276406 2247182.157726509
1.7900777537149968 1472800.2426529024
2.25357437323923 1042092.2531305185
2.8370820458389803 870472.2225514916
3.5716746828516763 534430.217333208
4.496472020903848 322512.7863128794
5.660722890537329 263006.3042954452
7.126427896022374 156530.78996568552
8.971641173621407 99784.46378997424
11.294627058970837 51390.30486562621
14.219093021276404 29904.80871436051
17.900777537149963 16807.249827921347
22.535743732392298 8163.055982855741
28.370820458389794 2981.3673622388596
35.71674682851676 828.9121738229342
44.964720209038475 98.39373141748878
56.607228905373276 13.698245015387766
71.26427896022373 0.0
89.71641173621407 0.0
112.94627058970838 0.0
142.1909302127641 0.0
179.00777537149975 0.0
225.35743732392302 0.0
283.70820458389795 0.0
357.1674682851676 0.0
449.6472020903849 0.0
566.0722890537331 0.0
712.6427896022375 0.0
