0.8971641173621407 9634362.02110096
1.1294627058970836 8277632.998490132
1.4219093021276406 5012944.813389905
1.7900777537149968 4678306.653132749
2.25357437323923 3082856.248844451
2.8370820458389803 1719182.6395391957
3.5716746828516763 828912.1738229347
4.496472020903848 426372.83614245075
5.660722890537329 265745.9532985228
7.126427896022374 148292.3273359126
8.971641173621407 82580.24589515109
11.294627058970837 37594.249868142666
14.219093021276404 24891.8639009706
17.900777537149963 12908.660950310727
22.535743732392298 7685.430366837585
28.370820458389794 3438.365279078393
35.71674682851676 796.1919564351867
44.964720209038475 92.92741300540607
56.607228905373276 0.0
71.26427896022373 0.0
89.71641173621407 0.0
112.94627058970838 0.0
142.1909302127641 0.0
179.00777537149975 0.0
225.35743732392302 0.0
283.70820458389795 0.0
357.1674682851676 0.0
449.6472020903849 0.0
566.0722890537331 0.0
712.6427896022375 0.0
