0.8971641173621407 10322530.736893887
1.1294627058970836 9657238.498238489
1.4219093021276406 7951567.635032264
1.7900777537149968 4938212.57830679
2.25357437323923 2474969.1011849814
2.8370820458389803 1740944.4451029832
3.5716746828516763 970699.7825031736
4.496472020903848 568497.114856601
5.660722890537329 345195.77438777185
7.126427896022374 171634.6381202692
8.971641173621407 86709.25818990865
11.294627058970837 44147.37599194735
14.219093021276404 28003.346888591925
17.900777537149963 13515.108109050156
22.535743732392298 5688.086881670755
28.370820458389794 3133.700001185371
35.71674682851676 970.6997825031729
44.964720209038475 71.06213935707524
56.607228905373276 0.0
71.26427896022373 0.0
89.71641173621407 0.0
112.94627058970838 0.0
142.1909302127641 0.0
179.00777537149975 0.0
225.35743732392302 0.0
283.70820458389795 0.0
357.1674682851676 0.0
449.6472020903849 0.0
566.0722890537331 0.0
712.6427896022375 0.0
