0.8971641173621407 8946193.305308035
1.1294627058970836 7932731.623553044
1.4219093021276406 6050105.809263678
1.7900777537149968 6411012.820959693
2.25357437323923 3777584.4175981297
2.8370820458389803 2372036.8064528145
3.5716746828516763 1254274.999863651
4.496472020903848 650491.8910378414
5.660722890537329 345195.77438777185
7.126427896022374 197723.10311455012
8.971641173621407 108042.48837948935
11.294627058970837 48631.0938661295
14.219093021276404 29559.088382402588
17.900777537149963 17327.06167826943
22.535743732392298 8988.045683250735
28.370820458389794 5897.449307786358
35.71674682851676 2835.7521736047747
44.964720209038475 634.0929358015944
56.607228905373276 27.39649003077553
71.26427896022373 0.0
89.71641173621407 0.0
112.94627058970838 0.0
142.1909302127641 0.0
179.00777537149975 0.0
225.35743732392302 0.0
283.70820458389795 0.0
357.1674682851676 0.0
449.6472020903849 0.0
566.0722890537331 0.0
712.6427896022375 0.0
