0.8971641173621407 6193518.442136331
1.1294627058970836 7587830.248615955
1.4219093021276406 4667224.481431981
1.7900777537149968 3205506.4104798464
2.25357437323923 2171025.5273552467
2.8370820458389803 979281.250370428
3.5716746828516763 708938.0434011942
4.496472020903848 333445.4231370448
5.660722890537329 219171.92024620436
7.126427896022374 109846.1683969723
8.971641173621407 56429.83469501992
11.294627058970837 31730.92649421216
14.219093021276404 16248.855602022475
17.900777537149963 8316.989605569326
22.535743732392298 3126.27675939156
28.370820458389794 1218.6611115720887
35.71674682851676 468.9897825577128
44.964720209038475 87.46109459332337
56.607228905373276 2.7396490030775533
71.26427896022373 0.0
89.71641173621407 0.0
112.94627058970838 0.0
142.1909302127641 0.0
179.00777537149975 0.0
225.35743732392302 0.0
283.70820458389795 0.0
357.1674682851676 0.0
449.6472020903849 0.0
566.0722890537331 0.0
712.6427896022375 0.0
