0.8971641173621407 6193518.442136331
1.1294627058970836 4483717.874182155
1.4219093021276406 3802923.6515371692
1.7900777537149968 2079247.4013923327
2.25357437323923 1780240.9324313025
2.8370820458389803 1479802.7783375357
3.5716746828516763 752564.9999181908
4.496472020903848 366243.333609541
5.660722890537329 186296.1322092737
7.126427896022374 72773.08656299414
8.971641173621407 53677.159831848214
11.294627058970837 20349.18112128823
14.219093021276404 8815.868464927087
17.900777537149963 3378.777027262539
22.535743732392298 738.148679300785
28.370820458389794 87.0472222551492
35.71674682851676 0.0
44.964720209038475 0.0
56.607228905373276 0.0
71.26427896022373 0.0
89.71641173621407 0.0
112.94627058970838 0.0
142.1909302127641 0.0
179.00777537149975 0.0
225.35743732392302 0.0
283.70820458389795 0.0
357.1674682851676 0.0
449.6472020903849 0.0
566.0722890537331 0.0
712.6427896022375 0.0
