0.8971641173621407 23397736.336959474
1.1294627058970836 14485857.747357732
1.4219093021276406 15730275.104085565
1.7900777537149968 11782401.941223219
2.25357437323923 8423579.046138357
2.8370820458389803 7007301.391539507
3.5716746828516763 3839172.173495698
4.496472020903848 2246656.8673659903
5.660722890537329 1304072.9254649158
7.126427896022374 681046.2440612282
8.971641173621407 377116.45625452336
11.294627058970837 193489.67133970675
14.219093021276404 107173.30290695674
17.900777537149963 60731.35118233436
22.535743732392298 37341.639070510304
28.370820458389794 18584.581951474353
35.71674682851676 10056.0134771677
44.964720209038475 4903.287615638191
56.607228905373276 2542.3942748559693
71.26427896022373 709.8808632654343
89.71641173621407 59.87067827398452
112.94627058970838 5.863323373930505
142.1909302127641 0.6914406639158477
179.00777537149975 0.08663530839134706
225.35743732392302 0.0
283.70820458389795 0.0
357.1674682851676 0.0
449.6472020903849 0.0
566.0722890537331 0.0
712.6427896022375 0.0
