0.8971641173621407 12387036.884272663
1.1294627058970836 11036843.997986844
1.4219093021276406 8124427.801011225
1.7900777537149968 6930824.671307775
2.25357437323923 4602574.117993124
2.8370820458389803 3046652.7789302203
3.5716746828516763 1516036.7389656305
4.496472020903848 918341.4932298939
5.660722890537329 520533.31058473536
7.126427896022374 308942.34861648455
8.971641173621407 178923.8661061607
11.294627058970837 91743.76573326558
14.219093021276404 50302.30829987809
17.900777537149963 30495.6285537542
22.535743732392298 16760.31707118253
28.370820458389794 9379.338197992325
35.71674682851676 4515.3899995091415
44.964720209038475 1202.5900506581963
56.607228905373276 93.14806610463681
71.26427896022373 0.0
89.71641173621407 0.0
112.94627058970838 0.0
142.1909302127641 0.0
179.00777537149975 0.0
225.35743732392302 0.0
283.70820458389795 0.0
357.1674682851676 0.0
449.6472020903849 0.0
566.0722890537331 0.0
712.6427896022375 0.0
