0.8971641173621407 10322530.736893887
1.1294627058970836 10002139.873175576
1.4219093021276406 8470148.13296915
1.7900777537149968 5717930.353828914
2.25357437323923 3907845.9492394445
2.8370820458389803 2916081.9455474964
3.5716746828516763 1614197.3911288728
4.496472020903848 940206.7668782247
5.660722890537329 589024.5356616742
7.126427896022374 275988.49809739285
8.971641173621407 139010.080590171
11.294627058970837 72084.38736185154
14.219093021276404 42005.020332887885
17.900777537149963 20879.109322314664
22.535743732392298 10073.55844692836
28.370820458389794 5114.024307490015
35.71674682851676 1592.3839128703735
44.964720209038475 267.84960219205277
56.607228905373276 30.136139033853084
71.26427896022373 0.0
89.71641173621407 0.0
112.94627058970838 0.0
142.1909302127641 0.0
179.00777537149975 0.0
225.35743732392302 0.0
283.70820458389795 0.0
357.1674682851676 0.0
449.6472020903849 0.0
566.0722890537331 0.0
712.6427896022375 0.0
