0.8971641173621407 11010699.45268681
1.1294627058970836 15520561.872169
1.4219093021276406 11754491.286569433
1.7900777537149968 9010072.072700107
2.25357437323923 4602574.117993124
2.8370820458389803 2654940.278782049
3.5716746828516763 1625104.130258122
4.496472020903848 716087.7119828339
5.660722890537329 408207.7014585556
7.126427896022374 215573.1054790581
8.971641173621407 110106.99452686813
11.294627058970837 66910.86673779521
14.219093021276404 27311.906224676073
17.900777537149963 13255.202183876114
22.535743732392298 4776.2561601815505
28.370820458389794 979.2812503704284
35.71674682851676 163.601086938737
44.964720209038475 0.0
56.607228905373276 0.0
71.26427896022373 0.0
89.71641173621407 0.0
112.94627058970838 0.0
142.1909302127641 0.0
179.00777537149975 0.0
225.35743732392302 0.0
283.70820458389795 0.0
357.1674682851676 0.0
449.6472020903849 0.0
566.0722890537331 0.0
712.6427896022375 0.0
