0.8971641173621407 13075205.600065589
1.1294627058970836 12071548.12279811
1.4219093021276406 6395826.141221603
1.7900777537149968 3552047.644045235
2.25357437323923 2084184.506261037
2.8370820458389803 1044566.6670617898
3.5716746828516763 545336.9564624571
4.496472020903848 278782.23901621776
5.660722890537329 178077.18520004104
7.126427896022374 93369.24313742644
8.971641173621407 46795.47267391896
11.294627058970837 19659.378371414055
14.219093021276404 9853.029460800863
17.900777537149963 3985.224186001969
22.535743732392298 1085.5127636776251
28.370820458389794 108.80902781893649
35.71674682851676 0.0
44.964720209038475 0.0
56.607228905373276 0.0
71.26427896022373 0.0
89.71641173621407 0.0
112.94627058970838 0.0
142.1909302127641 0.0
179.00777537149975 0.0
225.35743732392302 0.0
283.70820458389795 0.0
357.1674682851676 0.0
449.6472020903849 0.0
566.0722890537331 0.0
712.6427896022375 0.0
