0.8971641173621407 4129012.2947575543
1.1294627058970836 3449013.749370889
1.4219093021276406 3630063.485558207
1.7900777537149968 3725318.2608279292
2.25357437323923 2518389.611732086
2.8370820458389803 1936800.6951770687
3.5716746828516763 1363342.3911561426
4.496472020903848 814481.4434003226
5.660722890537329 378071.5624247025
7.126427896022374 212826.9512691338
8.971641173621407 112171.50067424691
11.294627058970837 68980.27498741774
14.219093021276404 36127.77468960316
17.900777537149963 20359.29747196658
22.535743732392298 9726.19436255152
28.370820458389794 5092.262501926228
35.71674682851676 1941.3995650063457
44.964720209038475 344.37805996121074
56.607228905373276 76.71017208617148
71.26427896022373 0.0
89.71641173621407 0.0
112.94627058970838 0.0
142.1909302127641 0.0
179.00777537149975 0.0
225.35743732392302 0.0
283.70820458389795 0.0
357.1674682851676 0.0
449.6472020903849 0.0
566.0722890537331 0.0
712.6427896022375 0.0
