0.8971641173621407 4817181.01055048
1.1294627058970836 3449013.749370889
1.4219093021276406 2765762.6556633958
1.7900777537149968 1646070.8594355967
2.25357437323923 1823661.4429784075
2.8370820458389803 1131613.889316939
3.5716746828516763 828912.1738229347
4.496472020903848 617693.9805653453
5.660722890537329 378071.5624247025
7.126427896022374 204588.48863936088
8.971641173621407 130752.05600065591
11.294627058970837 70359.88048716608
14.219093021276404 42696.46099680373
17.900777537149963 23478.16857405508
22.535743732392298 13199.83520631992
28.370820458389794 6833.206947029212
35.71674682851676 2846.658912734024
44.964720209038475 601.2950253290982
56.607228905373276 38.35508604308574
71.26427896022373 0.0
89.71641173621407 0.0
112.94627058970838 0.0
142.1909302127641 0.0
179.00777537149975 0.0
225.35743732392302 0.0
283.70820458389795 0.0
357.1674682851676 0.0
449.6472020903849 0.0
566.0722890537331 0.0
712.6427896022375 0.0
