0.8971641173621407 6193518.442136331
1.1294627058970836 8277632.998490132
1.4219093021276406 6568686.307200565
1.7900777537149968 5024847.886698137
2.25357437323923 4038107.480880759
2.8370820458389803 1936800.6951770687
3.5716746828516763 1537850.2172241288
4.496472020903848 727020.3488069993
5.660722890537329 419166.29747086583
7.126427896022374 265003.88125769567
8.971641173621407 136257.4057269993
11.294627058970837 84500.83685958672
14.219093021276404 45462.22365246714
17.900777537149963 21139.015247488707
22.535743732392298 11636.69682662414
28.370820458389794 5701.593057712272
35.71674682851676 2355.855651917813
44.964720209038475 289.7148758403836
56.607228905373276 24.65684102769798
71.26427896022373 0.0
89.71641173621407 0.0
112.94627058970838 0.0
142.1909302127641 0.0
179.00777537149975 0.0
225.35743732392302 0.0
283.70820458389795 0.0
357.1674682851676 0.0
449.6472020903849 0.0
566.0722890537331 0.0
712.6427896022375 0.0
