0.8971641173621407 11698868.168479737
1.1294627058970836 11381745.372923933
1.4219093021276406 8988728.630906036
1.7900777537149968 6930824.671307775
2.25357437323923 3517061.3543155
2.8370820458389803 2306751.3897614526
3.5716746828516763 1657824.3476458695
4.496472020903848 880077.2643453149
5.660722890537329 476698.92653549445
7.126427896022374 215573.1054790581
8.971641173621407 106666.1509479035
11.294627058970837 41043.26361751355
14.219093021276404 13828.813278317
17.900777537149963 1386.1649342615544
22.535743732392298 0.0
28.370820458389794 0.0
35.71674682851676 0.0
44.964720209038475 0.0
56.607228905373276 0.0
71.26427896022373 0.0
89.71641173621407 0.0
112.94627058970838 0.0
142.1909302127641 0.0
179.00777537149975 0.0
225.35743732392302 0.0
283.70820458389795 0.0
357.1674682851676 0.0
449.6472020903849 0.0
566.0722890537331 0.0
712.6427896022375 0.0
