0.8971641173621407 1376337.4315858514
1.1294627058970836 3449013.749370889
1.4219093021276406 864300.8298948113
1.7900777537149968 1039623.7006961664
2.25357437323923 694728.168753679
2.8370820458389803 565806.9446584695
3.5716746828516763 359922.39126522164
4.496472020903848 114792.68665373673
5.660722890537329 65751.5760738613
7.126427896022374 56296.161303448294
8.971641173621407 32343.929642267514
11.294627058970837 21728.786621036586
14.219093021276404 14001.673444295962
17.900777537149963 8403.624913960673
22.535743732392298 5036.77922346418
28.370820458389794 2741.9875010371993
35.71674682851676 578.0571738502041
44.964720209038475 43.73054729666168
56.607228905373276 0.0
71.26427896022373 0.0
89.71641173621407 0.0
112.94627058970838 0.0
142.1909302127641 0.0
179.00777537149975 0.0
225.35743732392302 0.0
283.70820458389795 0.0
357.1674682851676 0.0
449.6472020903849 0.0
566.0722890537331 0.0
712.6427896022375 0.0
