0.8971641173621407 17892386.61061607
1.1294627058970836 16210364.622043176
1.4219093021276406 11063050.622653583
1.7900777537149968 7450636.5216558585
2.25357437323923 4124948.501974969
2.8370820458389803 2676702.0843458367
3.5716746828516763 1854145.651972354
4.496472020903848 792616.1697519918
5.660722890537329 389030.15843701275
7.126427896022374 223811.56810883104
8.971641173621407 119741.35654796909
11.294627058970837 63116.951613487225
14.219093021276404 34744.893361771465
17.900777537149963 18626.591304139638
22.535743732392298 8423.57904613837
28.370820458389794 3743.030556971415
35.71674682851676 1156.1143477004082
44.964720209038475 60.12950253290981
56.607228905373276 0.0
71.26427896022373 0.0
89.71641173621407 0.0
112.94627058970838 0.0
142.1909302127641 0.0
179.00777537149975 0.0
225.35743732392302 0.0
283.70820458389795 0.0
357.1674682851676 0.0
449.6472020903849 0.0
566.0722890537331 0.0
712.6427896022375 0.0
