0.8971641173621407 9634362.02110096
1.1294627058970836 7242928.873678866
1.4219093021276406 5704385.477305754
1.7900777537149968 3205506.4104798464
2.25357437323923 2388128.0800907714
2.8370820458389803 1806229.8617943448
3.5716746828516763 796191.9564351873
4.496472020903848 481036.02026327775
5.660722890537329 216432.2712431268
7.126427896022374 97488.4744523129
8.971641173621407 63311.521852949176
11.294627058970837 30351.320994463804
14.219093021276404 18323.177593770026
17.900777537149963 8143.7189887866325
22.535743732392298 3169.697269938665
28.370820458389794 1610.37361172026
35.71674682851676 425.3628260407162
44.964720209038475 136.65796030206775
56.607228905373276 10.958596012310213
71.26427896022373 0.0
89.71641173621407 0.0
112.94627058970838 0.0
142.1909302127641 0.0
179.00777537149975 0.0
225.35743732392302 0.0
283.70820458389795 0.0
357.1674682851676 0.0
449.6472020903849 0.0
566.0722890537331 0.0
712.6427896022375 0.0
