0.8971641173621407 3440843.5789646287
1.1294627058970836 4138816.499245066
1.4219093021276406 3630063.485558207
1.7900777537149968 1819341.476218291
2.25357437323923 1389456.337507358
2.8370820458389803 957519.4448066407
3.5716746828516763 447176.3042992148
4.496472020903848 235051.69171955617
5.660722890537329 109585.96012310218
7.126427896022374 63161.54682825907
8.971641173621407 29591.25477909581
11.294627058970837 17934.87149672861
14.219093021276404 7260.126971116425
17.900777537149963 3811.953569219275
22.535743732392298 1042.09225313052
28.370820458389794 108.80902781893649
35.71674682851676 0.0
44.964720209038475 0.0
56.607228905373276 0.0
71.26427896022373 0.0
89.71641173621407 0.0
112.94627058970838 0.0
142.1909302127641 0.0
179.00777537149975 0.0
225.35743732392302 0.0
283.70820458389795 0.0
357.1674682851676 0.0
449.6472020903849 0.0
566.0722890537331 0.0
712.6427896022375 0.0
