0.8971641173621407 4817181.01055048
1.1294627058970836 5173520.624056333
1.4219093021276406 2592902.4896844337
1.7900777537149968 2772329.86852311
2.25357437323923 2474969.1011849814
2.8370820458389803 1414517.3616461738
3.5716746828516763 948886.3042446752
4.496472020903848 557564.4780324355
5.660722890537329 328757.88036930654
7.126427896022374 181246.17785500427
8.971641173621407 105289.81351631765
11.294627058970837 58288.33236436798
14.219093021276404 33880.592531876646
17.900777537149963 17673.60291183482
22.535743732392298 9378.83027817468
28.370820458389794 5940.9729189139325
35.71674682851676 2704.871304053785
44.964720209038475 710.6213935707523
56.607228905373276 123.2842051384899
71.26427896022373 13.730771049621552
89.71641173621407 1.376337431585851
112.94627058970838 0.0
142.1909302127641 0.0
179.00777537149975 0.0
225.35743732392302 0.0
283.70820458389795 0.0
357.1674682851676 0.0
449.6472020903849 0.0
566.0722890537331 0.0
712.6427896022375 0.0
