0.8971641173621407 6881687.1579292575
1.1294627058970836 7242928.873678866
1.4219093021276406 4321504.149474056
1.7900777537149968 2772329.86852311
2.25357437323923 1910502.4640726172
2.8370820458389803 1001043.0559342153
3.5716746828516763 447176.3042992148
4.496472020903848 245984.32854372158
5.660722890537329 128763.50314464506
7.126427896022374 59042.3155133726
8.971641173621407 28903.086063302882
11.294627058970837 18624.674246602786
14.219093021276404 9334.448962863975
17.900777537149963 5458.0244286548705
22.535743732392298 1259.194805866045
28.370820458389794 326.42708345680944
35.71674682851676 21.813478258498268
44.964720209038475 0.0
56.607228905373276 0.0
71.26427896022373 0.0
89.71641173621407 0.0
112.94627058970838 0.0
142.1909302127641 0.0
179.00777537149975 0.0
225.35743732392302 0.0
283.70820458389795 0.0
357.1674682851676 0.0
449.6472020903849 0.0
566.0722890537331 0.0
712.6427896022375 0.0
