0.8971641173621407 12387036.884272663
1.1294627058970836 6553126.123804688
1.4219093021276406 5012944.813389905
1.7900777537149968 7364001.213264512
2.25357437323923 3647322.885956815
2.8370820458389803 2937843.751111284
3.5716746828516763 1690544.5650336167
4.496472020903848 1038600.4982957133
5.660722890537329 416426.6484677883
7.126427896022374 266376.9583626578
8.971641173621407 156214.29848499416
11.294627058970837 86225.34373427217
14.219093021276404 43733.62199267751
17.900777537149963 22351.909564967566
22.535743732392298 11723.537847718351
28.370820458389794 6920.254169284361
35.71674682851676 2170.4410867205775
44.964720209038475 311.5801494887145
56.607228905373276 49.31368205539596
71.26427896022373 0.0
89.71641173621407 0.0
112.94627058970838 0.0
142.1909302127641 0.0
179.00777537149975 0.0
225.35743732392302 0.0
283.70820458389795 0.0
357.1674682851676 0.0
449.6472020903849 0.0
566.0722890537331 0.0
712.6427896022375 0.0
