0.5660722890537327 16437894.018465327
0.7126427896022374 10984616.83969723
0.8971641173621409 13075205.600065572
1.1294627058970836 12071548.122798119
1.4219093021276406 6395826.141221603
1.7900777537149968 3552047.6440452333
2.25357437323923 2084184.5062610349
2.8370820458389803 1044566.6670617914
3.5716746828516763 545336.9564624568
4.496472020903847 278782.2390162184
5.660722890537327 178077.18520004084
7.126427896022376 93369.24313742633
8.971641173621409 46795.47267391899
11.294627058970837 19659.378371414055
14.219093021276404 9853.029460800863
17.900777537149963 3985.224186001969
22.535743732392305 1085.5127636776213
28.3708204583898 108.80902781893668
35.71674682851676 0.0
44.964720209038475 0.0
56.607228905373276 0.0
71.26427896022375 0.0
