0.5660722890537327 2739649.0030775545
0.7126427896022374 9611539.734735077
0.8971641173621409 5505349.726343399
1.1294627058970836 5863323.373930515
1.4219093021276406 4667224.481431981
1.7900777537149968 3118871.1020884975
2.25357437323923 1519717.8691486712
2.8370820458389803 1175137.5004445154
3.5716746828516763 818005.4346936853
4.496472020903847 448238.1097907825
5.660722890537327 221911.56924928166
7.126427896022376 89250.01182253986
8.971641173621409 43354.629094954355
11.294627058970837 18969.575621539876
14.219093021276404 9334.448962863975
17.900777537149963 3811.953569219275
22.535743732392305 1736.820421884194
28.3708204583898 500.52152796710874
35.71674682851676 10.906739129249134
44.964720209038475 0.0
56.607228905373276 0.0
71.26427896022375 0.0
