0.8971641173621407 5505349.726343405
1.1294627058970836 5518421.998993422
1.4219093021276406 3975783.817516132
1.7900777537149968 2945600.4853058048
2.25357437323923 2605230.632826296
2.8370820458389803 1088090.2781893644
3.5716746828516763 632590.8694964502
4.496472020903848 349844.3783732929
5.660722890537329 205473.6752308166
7.126427896022374 101607.70576719937
8.971641173621407 46795.47267391896
11.294627058970837 23453.293495722028
14.219093021276404 13137.372614401149
17.900777537149963 5804.56566222026
22.535743732392298 2865.75369610893
28.370820458389794 631.0923613498317
35.71674682851676 141.78760868023875
44.964720209038475 0.0
56.607228905373276 0.0
71.26427896022373 0.0
89.71641173621407 0.0
112.94627058970838 0.0
142.1909302127641 0.0
179.00777537149975 0.0
225.35743732392302 0.0
283.70820458389795 0.0
357.1674682851676 0.0
449.6472020903849 0.0
566.0722890537331 0.0
712.6427896022375 0.0
