0.8971641173621407 6193518.442136331
1.1294627058970836 3449013.749370889
1.4219093021276406 2765762.6556633958
1.7900777537149968 2945600.4853058048
2.25357437323923 1302615.316413148
2.8370820458389803 696377.7780411933
3.5716746828516763 458083.0434284639
4.496472020903848 240518.01013163888
5.660722890537329 128763.50314464506
7.126427896022374 46684.62156871322
8.971641173621407 34408.43578964629
11.294627058970837 15520.56187216899
14.219093021276404 4494.364315453025
17.900777537149963 1039.6237006961658
22.535743732392298 43.420510547105
28.370820458389794 0.0
35.71674682851676 0.0
44.964720209038475 0.0
56.607228905373276 0.0
71.26427896022373 0.0
89.71641173621407 0.0
112.94627058970838 0.0
142.1909302127641 0.0
179.00777537149975 0.0
225.35743732392302 0.0
283.70820458389795 0.0
357.1674682851676 0.0
449.6472020903849 0.0
566.0722890537331 0.0
712.6427896022375 0.0
