0.8971641173621407 6881687.1579292575
1.1294627058970836 4138816.499245066
1.4219093021276406 3111482.9876213204
1.7900777537149968 2512423.9433490685
2.25357437323923 1519717.8691486728
2.8370820458389803 761663.1947325551
3.5716746828516763 632590.8694964502
4.496472020903848 284248.5574283005
5.660722890537329 106846.31112002462
7.126427896022374 65907.70103818337
8.971641173621407 38537.44808440385
11.294627058970837 18279.7728716657
14.219093021276404 9507.309128842937
17.900777537149963 4505.036036350052
22.535743732392298 1563.13837969578
28.370820458389794 348.1888890205968
35.71674682851676 0.0
44.964720209038475 0.0
56.607228905373276 0.0
71.26427896022373 0.0
89.71641173621407 0.0
112.94627058970838 0.0
142.1909302127641 0.0
179.00777537149975 0.0
225.35743732392302 0.0
283.70820458389795 0.0
357.1674682851676 0.0
449.6472020903849 0.0
566.0722890537331 0.0
712.6427896022375 0.0
