0.8971641173621407 8258024.589515109
1.1294627058970836 3793915.1243079775
1.4219093021276406 5012944.813389905
1.7900777537149968 2512423.9433490685
2.25357437323923 1649979.4007899875
2.8370820458389803 1262184.7226996627
3.5716746828516763 730751.5216596924
4.496472020903848 185854.82601081184
5.660722890537329 84929.11909540418
7.126427896022374 35700.00472901599
8.971641173621407 15827.880463237294
11.294627058970837 6553.1261238046845
14.219093021276404 9680.1692948219
17.900777537149963 2339.1533265663734
22.535743732392298 738.148679300785
28.370820458389794 43.5236111275746
35.71674682851676 0.0
44.964720209038475 0.0
56.607228905373276 0.0
71.26427896022373 0.0
89.71641173621407 0.0
112.94627058970838 0.0
142.1909302127641 0.0
179.00777537149975 0.0
225.35743732392302 0.0
283.70820458389795 0.0
357.1674682851676 0.0
449.6472020903849 0.0
566.0722890537331 0.0
712.6427896022375 0.0
