0.8971641173621407 2064506.1473787772
1.1294627058970836 4138816.499245066
1.4219093021276406 2938622.8216423583
1.7900777537149968 1126259.0090875134
2.25357437323923 1172353.7847718333
2.8370820458389803 957519.4448066407
3.5716746828516763 447176.3042992148
4.496472020903848 311580.149488714
5.660722890537329 213692.62224004924
7.126427896022374 118084.6310267452
8.971641173621407 72257.71515825721
11.294627058970837 47941.29111625533
14.219093021276404 25583.30456488645
17.900777537149963 13255.202183876114
22.535743732392298 7815.6918984789
28.370820458389794 3851.8395847903516
35.71674682851676 1494.2232607071312
44.964720209038475 120.25900506581962
56.607228905373276 24.65684102769798
71.26427896022373 0.0
89.71641173621407 0.0
112.94627058970838 0.0
142.1909302127641 0.0
179.00777537149975 0.0
225.35743732392302 0.0
283.70820458389795 0.0
357.1674682851676 0.0
449.6472020903849 0.0
566.0722890537331 0.0
712.6427896022375 0.0
