0.8971641173621407 10322530.736893887
1.1294627058970836 10002139.873175576
1.4219093021276406 7260126.971116414
1.7900777537149968 7364001.213264512
2.25357437323923 4819676.670728648
2.8370820458389803 2415560.417580389
3.5716746828516763 1330622.173768395
4.496472020903848 748885.6224553301
5.660722890537329 342456.1253846943
7.126427896022374 211453.87416417166
8.971641173621407 112859.66939003984
11.294627058970837 62427.148863613045
14.219093021276404 34572.0331957925
17.900777537149963 19233.038462879067
22.535743732392298 11506.435294982826
28.370820458389794 4939.929862979717
35.71674682851676 1385.15586941464
44.964720209038475 76.52845776915794
56.607228905373276 0.0
71.26427896022373 0.0
89.71641173621407 0.0
112.94627058970838 0.0
142.1909302127641 0.0
179.00777537149975 0.0
225.35743732392302 0.0
283.70820458389795 0.0
357.1674682851676 0.0
449.6472020903849 0.0
566.0722890537331 0.0
712.6427896022375 0.0
