0.8971641173621407 5505349.726343405
1.1294627058970836 3449013.749370889
1.4219093021276406 3630063.485558207
1.7900777537149968 2165882.70978368
2.25357437323923 1780240.9324313025
2.8370820458389803 761663.1947325551
3.5716746828516763 578057.1738502044
4.496472020903848 207720.09965914267
5.660722890537329 115065.25812925729
7.126427896022374 59042.3155133726
8.971641173621407 21333.2301895807
11.294627058970837 11726.646747861014
14.219093021276404 6395.8261412216125
17.900777537149963 1039.6237006961658
22.535743732392298 217.102552735525
28.370820458389794 65.28541669136189
35.71674682851676 0.0
44.964720209038475 0.0
56.607228905373276 0.0
71.26427896022373 0.0
89.71641173621407 0.0
112.94627058970838 0.0
142.1909302127641 0.0
179.00777537149975 0.0
225.35743732392302 0.0
283.70820458389795 0.0
357.1674682851676 0.0
449.6472020903849 0.0
566.0722890537331 0.0
712.6427896022375 0.0
