0.8971641173621407 9634362.02110096
1.1294627058970836 10347041.248112665
1.4219093021276406 10025889.62677981
1.7900777537149968 7104095.28809047
2.25357437323923 3907845.9492394445
2.8370820458389803 2567893.0565269
3.5716746828516763 1428782.8259316375
4.496472020903848 705155.0751586686
5.660722890537329 391769.8074400903
7.126427896022374 162023.09838553413
8.971641173621407 83956.58332673695
11.294627058970837 44492.27736688444
14.219093021276404 19187.478423664837
17.900777537149963 8663.530839134715
22.535743732392298 3473.6408437684
28.370820458389794 1218.6611115720887
35.71674682851676 305.38869561897576
44.964720209038475 71.06213935707524
56.607228905373276 8.218947009232659
71.26427896022373 0.0
89.71641173621407 0.0
112.94627058970838 0.0
142.1909302127641 0.0
179.00777537149975 0.0
225.35743732392302 0.0
283.70820458389795 0.0
357.1674682851676 0.0
449.6472020903849 0.0
566.0722890537331 0.0
712.6427896022375 0.0
