0.8971641173621407 13763374.315858515
1.1294627058970836 9657238.498238489
1.4219093021276406 10544470.124716697
1.7900777537149968 5458024.428654873
2.25357437323923 4124948.501974969
2.8370820458389803 2741987.501037198
3.5716746828516763 1734171.5215506135
4.496472020903848 901942.5379936458
5.660722890537329 558888.3966278211
7.126427896022374 311688.5028264089
8.971641173621407 185117.38454829704
11.294627058970837 89674.35748364305
14.219093021276404 53759.511619457335
17.900777537149963 25297.51005027337
22.535743732392298 11636.69682662414
28.370820458389794 5614.545835457123
35.71674682851676 2355.855651917813
44.964720209038475 481.0360202632785
56.607228905373276 5.479298006155107
71.26427896022373 0.0
89.71641173621407 0.0
112.94627058970838 0.0
142.1909302127641 0.0
179.00777537149975 0.0
225.35743732392302 0.0
283.70820458389795 0.0
357.1674682851676 0.0
449.6472020903849 0.0
566.0722890537331 0.0
712.6427896022375 0.0
