0.8971641173621407 6193518.442136331
1.1294627058970836 2069408.249622533
1.4219093021276406 4840084.647410943
1.7900777537149968 2685694.560131763
2.25357437323923 1649979.4007899875
2.8370820458389803 1109852.0837531516
3.5716746828516763 785285.2173059381
4.496472020903848 317046.4679007967
5.660722890537329 257527.00628929012
7.126427896022374 124950.01655155598
8.971641173621407 80515.73974777231
11.294627058970837 42767.77049219899
14.219093021276404 24027.563071075787
17.900777537149963 14381.461192963628
22.535743732392298 10030.137936381256
28.370820458389794 7311.966669432532
35.71674682851676 2301.321956271567
44.964720209038475 399.04124408203785
56.607228905373276 5.479298006155107
71.26427896022373 0.0
89.71641173621407 0.0
112.94627058970838 0.0
142.1909302127641 0.0
179.00777537149975 0.0
225.35743732392302 0.0
283.70820458389795 0.0
357.1674682851676 0.0
449.6472020903849 0.0
566.0722890537331 0.0
712.6427896022375 0.0
