0.8971641173621407 7569855.873722183
1.1294627058970836 5518421.998993422
1.4219093021276406 4667224.481431981
1.7900777537149968 4678306.653132749
2.25357437323923 3169697.2699386603
2.8370820458389803 1827991.6673581323
3.5716746828516763 1145207.60857116
4.496472020903848 683289.8015103377
5.660722890537329 353414.7213970045
7.126427896022374 192230.7946947015
8.971641173621407 105289.81351631765
11.294627058970837 44492.27736688444
14.219093021276404 21953.241079328236
17.900777537149963 10049.69577339627
22.535743732392298 3690.743396503925
28.370820458389794 2502.6076398355394
35.71674682851676 1025.2334781494185
44.964720209038475 278.7822390162182
56.607228905373276 46.574033052318406
71.26427896022373 5.492308419848621
89.71641173621407 0.0
112.94627058970838 0.0
142.1909302127641 0.0
179.00777537149975 0.0
225.35743732392302 0.0
283.70820458389795 0.0
357.1674682851676 0.0
449.6472020903849 0.0
566.0722890537331 0.0
712.6427896022375 0.0
