0.8971641173621407 15827880.463237291
1.1294627058970836 18624674.2466028
1.4219093021276406 9680169.294821886
1.7900777537149968 6584283.437742387
2.25357437323923 4863097.181275753
2.8370820458389803 2132656.9452511542
3.5716746828516763 1145207.60857116
4.496472020903848 601295.0253290972
5.660722890537329 320538.9333600739
7.126427896022374 186738.48627485288
8.971641173621407 101160.80122156009
11.294627058970837 56218.92411474545
14.219093021276404 28694.787552507772
17.900777537149963 16893.885136312696
22.535743732392298 7338.066282460745
28.370820458389794 2741.9875010371993
35.71674682851676 370.82913039447055
44.964720209038475 65.59582094499252
56.607228905373276 0.0
71.26427896022373 0.0
89.71641173621407 0.0
112.94627058970838 0.0
142.1909302127641 0.0
179.00777537149975 0.0
225.35743732392302 0.0
283.70820458389795 0.0
357.1674682851676 0.0
449.6472020903849 0.0
566.0722890537331 0.0
712.6427896022375 0.0
