0.8971641173621407 5505349.726343405
1.1294627058970836 2414309.6245596223
1.4219093021276406 2938622.8216423583
1.7900777537149968 2165882.70978368
2.25357437323923 1302615.316413148
2.8370820458389803 805186.8058601297
3.5716746828516763 523523.4782039588
4.496472020903848 245984.32854372158
5.660722890537329 117804.90713233485
7.126427896022374 72773.08656299414
8.971641173621407 31655.760926474588
11.294627058970837 23798.194870659117
14.219093021276404 7778.707469053313
17.900777537149963 4331.765419567358
22.535743732392298 1693.399911337095
28.370820458389794 304.66527789302216
35.71674682851676 32.720217387747404
44.964720209038475 5.46631841208271
56.607228905373276 0.0
71.26427896022373 0.0
89.71641173621407 0.0
112.94627058970838 0.0
142.1909302127641 0.0
179.00777537149975 0.0
225.35743732392302 0.0
283.70820458389795 0.0
357.1674682851676 0.0
449.6472020903849 0.0
566.0722890537331 0.0
712.6427896022375 0.0
