0.8971641173621407 10322530.736893887
1.1294627058970836 7587830.248615955
1.4219093021276406 6914406.63915849
1.7900777537149968 3985224.186001971
2.25357437323923 2778912.675014716
2.8370820458389803 2110895.139687367
3.5716746828516763 1385155.8694146408
4.496472020903848 781683.5329278263
5.660722890537329 386290.50943393516
7.126427896022374 188111.56337981505
8.971641173621407 109418.8258110752
11.294627058970837 60702.64198892761
14.219093021276404 28694.787552507772
17.900777537149963 15334.449585268447
22.535743732392298 6469.656071518645
28.370820458389794 4047.6958348644375
35.71674682851676 992.5132607616712
44.964720209038475 98.39373141748878
56.607228905373276 0.0
71.26427896022373 0.0
89.71641173621407 0.0
112.94627058970838 0.0
142.1909302127641 0.0
179.00777537149975 0.0
225.35743732392302 0.0
283.70820458389795 0.0
357.1674682851676 0.0
449.6472020903849 0.0
566.0722890537331 0.0
712.6427896022375 0.0
