0.5660722890537327 13698245.015387774
0.7126427896022374 2746154.2099243077
0.8971641173621409 6193518.442136324
1.1294627058970836 2759210.999496713
1.4219093021276406 3630063.485558207
1.7900777537149968 2252518.018175026
2.25357437323923 1780240.9324313006
2.8370820458389803 1327470.1393910267
3.5716746828516763 883445.86946918
4.496472020903847 475569.70185119606
5.660722890537327 254787.3572862123
7.126427896022376 91996.16603246417
8.971641173621409 57118.00341081288
11.294627058970837 20349.18112128823
14.219093021276404 6568.686307200574
17.900777537149963 3985.224186001969
22.535743732392305 1215.7742953189359
28.3708204583898 761.6631947325568
35.71674682851676 43.626956516996536
44.964720209038475 0.0
56.607228905373276 0.0
71.26427896022375 0.0
