0.8971641173621407 2064506.1473787772
1.1294627058970836 4483717.874182155
1.4219093021276406 3802923.6515371692
1.7900777537149968 1992612.0930009854
2.25357437323923 2431548.5906378767
2.8370820458389803 2067371.5285597923
3.5716746828516763 1188834.5650881564
4.496472020903848 819947.7618124052
5.660722890537329 386290.50943393516
7.126427896022374 171634.6381202692
8.971641173621407 114924.17553741862
11.294627058970837 55184.21998993419
14.219093021276404 23508.9825731389
17.900777537149963 13168.566875484768
22.535743732392298 6469.656071518645
28.370820458389794 2916.081945547498
35.71674682851676 948.8863042446746
44.964720209038475 136.65796030206775
56.607228905373276 0.0
71.26427896022373 0.0
89.71641173621407 0.0
112.94627058970838 0.0
142.1909302127641 0.0
179.00777537149975 0.0
225.35743732392302 0.0
283.70820458389795 0.0
357.1674682851676 0.0
449.6472020903849 0.0
566.0722890537331 0.0
712.6427896022375 0.0
