0.8971641173621407 6193518.442136331
1.1294627058970836 10347041.248112665
1.4219093021276406 7605847.3030743385
1.7900777537149968 7364001.213264512
2.25357437323923 5384143.307841012
2.8370820458389803 4417646.529448819
3.5716746828516763 3261114.999645493
4.496472020903848 1820284.0312235397
5.660722890537329 1134214.6872741075
7.126427896022374 553350.0732997479
8.971641173621407 290407.19806461467
11.294627058970837 159344.43522093497
14.219093021276404 83318.60000185993
17.900777537149963 48342.50208237171
22.535743732392298 25227.316627868007
28.370820458389794 13884.031949696297
35.71674682851676 6674.92434710047
44.964720209038475 2623.832837799701
56.607228905373276 539.710853606278
71.26427896022373 60.415392618334835
89.71641173621407 5.505349726343404
112.94627058970838 0.0
142.1909302127641 0.0
179.00777537149975 0.0
225.35743732392302 0.0
283.70820458389795 0.0
357.1674682851676 0.0
449.6472020903849 0.0
566.0722890537331 0.0
712.6427896022375 0.0
