0.8971641173621407 2752674.8631717027
1.1294627058970836 2759210.999496711
1.4219093021276406 2247182.157726509
1.7900777537149968 1126259.0090875134
2.25357437323923 1606558.8902428828
2.8370820458389803 1175137.5004445135
3.5716746828516763 545336.9564624571
4.496472020903848 295181.1942524659
5.660722890537329 161639.2911815757
7.126427896022374 78265.39498284276
8.971641173621407 41978.29166336847
11.294627058970837 26902.307245092918
14.219093021276404 14174.533610274924
17.900777537149963 5198.1185034808295
22.535743732392298 2388.1280800907753
28.370820458389794 87.0472222551492
35.71674682851676 0.0
44.964720209038475 0.0
56.607228905373276 0.0
71.26427896022373 0.0
89.71641173621407 0.0
112.94627058970838 0.0
142.1909302127641 0.0
179.00777537149975 0.0
225.35743732392302 0.0
283.70820458389795 0.0
357.1674682851676 0.0
449.6472020903849 0.0
566.0722890537331 0.0
712.6427896022375 0.0
