0.8971641173621407 6881687.1579292575
1.1294627058970836 4828619.2491192445
1.4219093021276406 5185804.979368867
1.7900777537149968 3552047.644045235
2.25357437323923 2431548.5906378767
2.8370820458389803 1305708.3338272374
3.5716746828516763 796191.9564351873
4.496472020903848 426372.83614245075
5.660722890537329 227390.867255437
7.126427896022374 116711.55392178305
8.971641173621407 48859.97882129773
11.294627058970837 15520.56187216899
14.219093021276404 1901.4618257685875
17.900777537149963 259.90592517404144
22.535743732392298 0.0
28.370820458389794 0.0
35.71674682851676 0.0
44.964720209038475 0.0
56.607228905373276 0.0
71.26427896022373 0.0
89.71641173621407 0.0
112.94627058970838 0.0
142.1909302127641 0.0
179.00777537149975 0.0
225.35743732392302 0.0
283.70820458389795 0.0
357.1674682851676 0.0
449.6472020903849 0.0
566.0722890537331 0.0
712.6427896022375 0.0
