0.5660722890537327 5479298.006155109
0.7126427896022374 2746154.2099243077
0.8971641173621409 5505349.726343399
1.1294627058970836 4828619.249119247
1.4219093021276406 3457203.319579245
1.7900777537149968 3292141.718871192
2.25357437323923 2040763.9957139299
2.8370820458389803 1283946.528263452
3.5716746828516763 698031.3042719447
4.496472020903847 491968.6570874442
5.660722890537327 189035.78121235105
7.126427896022376 134561.55628629087
8.971641173621409 55053.4972634341
11.294627058970837 23453.293495722028
14.219093021276404 11235.910788632562
17.900777537149963 2772.329868523109
22.535743732392305 521.0461265652582
28.3708204583898 43.523611127574675
35.71674682851676 0.0
44.964720209038475 0.0
56.607228905373276 0.0
71.26427896022375 0.0
