0.8971641173621407 30967592.21068166
1.1294627058970836 31730926.494212177
1.4219093021276406 22644681.743244056
1.7900777537149968 14728002.426529024
2.25357437323923 9118307.214892037
2.8370820458389803 5440451.390946822
3.5716746828516763 2923006.0866387696
4.496472020903848 1705491.344569803
5.660722890537329 808196.4559078786
7.126427896022374 392700.05201917596
8.971641173621407 189934.56555884753
11.294627058970837 84845.73823452381
14.219093021276404 30250.529046318436
17.900777537149963 10656.1429321357
22.535743732392298 4645.994628540235
28.370820458389794 1610.37361172026
35.71674682851676 392.6426086529688
44.964720209038475 32.79791047249626
56.607228905373276 2.7396490030775533
71.26427896022373 0.0
89.71641173621407 0.0
112.94627058970838 0.0
142.1909302127641 0.0
179.00777537149975 0.0
225.35743732392302 0.0
283.70820458389795 0.0
357.1674682851676 0.0
449.6472020903849 0.0
566.0722890537331 0.0
712.6427896022375 0.0
