0.5660722890537327 5479298.006155109
0.7126427896022374 5492308.419848615
0.8971641173621409 6193518.442136324
1.1294627058970836 4483717.874182158
1.4219093021276406 3802923.6515371692
1.7900777537149968 2079247.4013923318
2.25357437323923 1780240.9324313006
2.8370820458389803 1479802.7783375378
3.5716746828516763 752564.9999181904
4.496472020903847 366243.3336095418
5.660722890537327 186296.1322092735
7.126427896022376 72773.08656299405
8.971641173621409 53677.15983184825
11.294627058970837 20349.18112128823
14.219093021276404 8815.868464927087
17.900777537149963 3378.777027262539
22.535743732392305 738.1486793007824
28.3708204583898 87.04722225514935
35.71674682851676 0.0
44.964720209038475 0.0
56.607228905373276 0.0
71.26427896022375 0.0
