0.8971641173621407 9634362.02110096
1.1294627058970836 4828619.2491192445
1.4219093021276406 4148643.983495094
1.7900777537149968 3378777.0272625405
2.25357437323923 1823661.4429784075
2.8370820458389803 913995.8336790662
3.5716746828516763 632590.8694964502
4.496472020903848 196787.46283497725
5.660722890537329 87668.76809848174
7.126427896022374 59042.3155133726
8.971641173621407 24085.905052752405
11.294627058970837 10347.04124811266
14.219093021276404 6568.686307200574
17.900777537149963 2339.1533265663734
22.535743732392298 607.88714765947
28.370820458389794 21.7618055637873
35.71674682851676 0.0
44.964720209038475 0.0
56.607228905373276 0.0
71.26427896022373 0.0
89.71641173621407 0.0
112.94627058970838 0.0
142.1909302127641 0.0
179.00777537149975 0.0
225.35743732392302 0.0
283.70820458389795 0.0
357.1674682851676 0.0
449.6472020903849 0.0
566.0722890537331 0.0
712.6427896022375 0.0
