0.8971641173621407 6193518.442136331
1.1294627058970836 12761350.872672288
1.4219093021276406 8124427.801011225
1.7900777537149968 6151106.895785651
2.25357437323923 3734163.9070510245
2.8370820458389803 2981367.3622388584
3.5716746828516763 1625104.130258122
4.496472020903848 951139.40370239
5.660722890537329 599983.1316739845
7.126427896022374 340523.1220306141
8.971641173621407 168601.33536926683
11.294627058970837 86915.14648414635
14.219093021276404 48400.8464741095
17.900777537149963 26423.769059360882
22.535743732392298 13851.142864526495
28.370820458389794 6593.827085827551
35.71674682851676 3239.3015213869926
44.964720209038475 530.2328859720229
56.607228905373276 24.65684102769798
71.26427896022373 4.119231314886465
89.71641173621407 0.0
112.94627058970838 0.0
142.1909302127641 0.0
179.00777537149975 0.0
225.35743732392302 0.0
283.70820458389795 0.0
357.1674682851676 0.0
449.6472020903849 0.0
566.0722890537331 0.0
712.6427896022375 0.0
