0.8971641173621407 16516049.179030217
1.1294627058970836 10691942.623049755
1.4219093021276406 8297287.966990188
1.7900777537149968 5198118.503480832
2.25357437323923 3430220.3332212903
2.8370820458389803 1458040.9727737482
3.5716746828516763 861632.3912106821
4.496472020903848 459170.7466149469
5.660722890537329 180816.8342031186
7.126427896022374 85130.78050765353
8.971641173621407 44042.79781074725
11.294627058970837 18624.674246602786
14.219093021276404 8470.148132969161
17.900777537149963 3118.8711020884975
22.535743732392298 1172.353784771835
28.370820458389794 195.8562500740857
35.71674682851676 10.906739129249134
44.964720209038475 0.0
56.607228905373276 0.0
71.26427896022373 0.0
89.71641173621407 0.0
112.94627058970838 0.0
142.1909302127641 0.0
179.00777537149975 0.0
225.35743732392302 0.0
283.70820458389795 0.0
357.1674682851676 0.0
449.6472020903849 0.0
566.0722890537331 0.0
712.6427896022375 0.0
