0.8971641173621407 3440843.5789646287
1.1294627058970836 9657238.498238489
1.4219093021276406 4494364.315453018
1.7900777537149968 3378777.0272625405
2.25357437323923 2778912.675014716
2.8370820458389803 1719182.6395391957
3.5716746828516763 1221554.7824759039
4.496472020903848 650491.8910378414
5.660722890537329 276704.549310833
7.126427896022374 111219.24550193445
8.971641173621407 37849.27936861092
11.294627058970837 15520.56187216899
14.219093021276404 7951.567635032275
17.900777537149963 1646.070859435596
22.535743732392298 0.0
28.370820458389794 0.0
35.71674682851676 0.0
44.964720209038475 0.0
56.607228905373276 0.0
71.26427896022373 0.0
89.71641173621407 0.0
112.94627058970838 0.0
142.1909302127641 0.0
179.00777537149975 0.0
225.35743732392302 0.0
283.70820458389795 0.0
357.1674682851676 0.0
449.6472020903849 0.0
566.0722890537331 0.0
712.6427896022375 0.0
