0.8971641173621407 4817181.01055048
1.1294627058970836 5173520.624056333
1.4219093021276406 3630063.485558207
1.7900777537149968 3552047.644045235
2.25357437323923 2301287.058996562
2.8370820458389803 2263227.778633878
3.5716746828516763 1199741.3042174054
4.496472020903848 737952.9856311647
5.660722890537329 378071.5624247025
7.126427896022374 204588.48863936088
8.971641173621407 112171.50067424691
11.294627058970837 47941.29111625533
14.219093021276404 34053.45269785561
17.900777537149963 15074.543660094405
22.535743732392298 8336.73802504416
28.370820458389794 3830.0777792265644
35.71674682851676 1210.6480433466538
44.964720209038475 87.46109459332337
56.607228905373276 0.0
71.26427896022373 0.0
89.71641173621407 0.0
112.94627058970838 0.0
142.1909302127641 0.0
179.00777537149975 0.0
225.35743732392302 0.0
283.70820458389795 0.0
357.1674682851676 0.0
449.6472020903849 0.0
566.0722890537331 0.0
712.6427896022375 0.0
