0.8971641173621407 6881687.1579292575
1.1294627058970836 7587830.248615955
1.4219093021276406 6741546.473179528
1.7900777537149968 7277365.904873164
2.25357437323923 5297302.286746803
2.8370820458389803 4200028.473810947
3.5716746828516763 2617617.3910197937
4.496472020903848 1700025.0261577202
5.660722890537329 953397.8530709889
7.126427896022374 589050.0780287639
8.971641173621407 353030.55120177096
11.294627058970837 189695.75621539875
14.219093021276404 117717.77303167345
17.900777537149963 66276.01091938057
22.535743732392298 36473.228859568204
28.370820458389794 21565.949313713212
35.71674682851676 10699.5110857934
44.964720209038475 4854.090749929446
56.607228905373276 1057.5045151879356
71.26427896022373 63.16154682825914
89.71641173621407 0.0
112.94627058970838 0.0
142.1909302127641 0.0
179.00777537149975 0.0
225.35743732392302 0.0
283.70820458389795 0.0
357.1674682851676 0.0
449.6472020903849 0.0
566.0722890537331 0.0
712.6427896022375 0.0
