0.8971641173621407 6881687.1579292575
1.1294627058970836 7242928.873678866
1.4219093021276406 6914406.63915849
1.7900777537149968 4591671.344741401
2.25357437323923 2127605.016808142
2.8370820458389803 1109852.0837531516
3.5716746828516763 392642.60865296907
4.496472020903848 224119.05489539076
5.660722890537329 84929.11909540418
7.126427896022374 48057.698673675375
8.971641173621407 15139.711747444368
11.294627058970837 11726.646747861014
14.219093021276404 3975.7838175161373
17.900777537149963 86.63530839134715
22.535743732392298 0.0
28.370820458389794 0.0
35.71674682851676 0.0
44.964720209038475 0.0
56.607228905373276 0.0
71.26427896022373 0.0
89.71641173621407 0.0
112.94627058970838 0.0
142.1909302127641 0.0
179.00777537149975 0.0
225.35743732392302 0.0
283.70820458389795 0.0
357.1674682851676 0.0
449.6472020903849 0.0
566.0722890537331 0.0
712.6427896022375 0.0
