0.5660722890537327 8218947.009232664
0.7126427896022374 5492308.419848615
0.8971641173621409 4817181.010550474
1.1294627058970836 3449013.7493708907
1.4219093021276406 4840084.647410943
1.7900777537149968 2772329.8685231092
2.25357437323923 1693399.9113370907
2.8370820458389803 1001043.0559342167
3.5716746828516763 621684.1303672007
4.496472020903847 420906.51773036894
5.660722890537327 169858.2381908082
7.126427896022376 93369.24313742633
8.971641173621409 52300.8224002624
11.294627058970837 23798.194870659117
14.219093021276404 9853.029460800863
17.900777537149963 4071.8594943933163
22.535743732392305 1215.7742953189359
28.3708204583898 282.9034723292354
35.71674682851676 43.626956516996536
44.964720209038475 0.0
56.607228905373276 0.0
71.26427896022375 0.0
