0.8971641173621407 11010699.45268681
1.1294627058970836 10347041.248112665
1.4219093021276406 6568686.307200565
1.7900777537149968 5024847.886698137
2.25357437323923 2735492.164467611
2.8370820458389803 1653897.222847834
3.5716746828516763 894352.6085984296
4.496472020903848 464637.06502702966
5.660722890537329 268485.60230160033
7.126427896022374 148292.3273359126
8.971641173621407 79827.5710319794
11.294627058970837 48631.0938661295
14.219093021276404 24027.563071075787
17.900777537149963 12128.943174788601
22.535743732392298 5644.666371123651
28.370820458389794 1893.277084049495
35.71674682851676 359.9223912652214
44.964720209038475 54.663184120827104
56.607228905373276 0.0
71.26427896022373 0.0
89.71641173621407 0.0
112.94627058970838 0.0
142.1909302127641 0.0
179.00777537149975 0.0
225.35743732392302 0.0
283.70820458389795 0.0
357.1674682851676 0.0
449.6472020903849 0.0
566.0722890537331 0.0
712.6427896022375 0.0
