0.8971641173621407 4129012.2947575543
1.1294627058970836 3104112.3744337996
1.4219093021276406 4321504.149474056
1.7900777537149968 2772329.86852311
2.25357437323923 1997343.4851668272
2.8370820458389803 1632135.4172840465
3.5716746828516763 1079767.173795665
4.496472020903848 557564.4780324355
5.660722890537329 391769.8074400903
7.126427896022374 155157.71286072335
8.971641173621407 96343.62021100962
11.294627058970837 51045.403490689125
14.219093021276404 27311.906224676073
17.900777537149963 14381.461192963628
22.535743732392298 7945.953430120216
28.370820458389794 3003.1291678026473
35.71674682851676 687.1245651426954
44.964720209038475 5.46631841208271
56.607228905373276 0.0
71.26427896022373 0.0
89.71641173621407 0.0
112.94627058970838 0.0
142.1909302127641 0.0
179.00777537149975 0.0
225.35743732392302 0.0
283.70820458389795 0.0
357.1674682851676 0.0
449.6472020903849 0.0
566.0722890537331 0.0
712.6427896022375 0.0
