0.8971641173621407 12387036.884272663
1.1294627058970836 2414309.6245596223
1.4219093021276406 4321504.149474056
1.7900777537149968 4938212.57830679
2.25357437323923 3560481.864862605
2.8370820458389803 2785511.112164773
3.5716746828516763 1548756.956353378
4.496472020903848 983937.3141748863
5.660722890537329 526012.6085908904
7.126427896022374 336403.89071572764
8.971641173621407 157590.63591658
11.294627058970837 81396.72448515292
14.219093021276404 39757.83817516137
17.900777537149963 23391.533265663733
22.535743732392298 10811.707126229145
28.370820458389794 4874.644446288355
35.71674682851676 905.2593477276781
44.964720209038475 49.19686570874439
56.607228905373276 0.0
71.26427896022373 0.0
89.71641173621407 0.0
112.94627058970838 0.0
142.1909302127641 0.0
179.00777537149975 0.0
225.35743732392302 0.0
283.70820458389795 0.0
357.1674682851676 0.0
449.6472020903849 0.0
566.0722890537331 0.0
712.6427896022375 0.0
