0.8971641173621407 3440843.5789646287
1.1294627058970836 2759210.999496711
1.4219093021276406 691440.6639158489
1.7900777537149968 1992612.0930009854
2.25357437323923 1085512.7636776234
2.8370820458389803 935757.6392428534
3.5716746828516763 468989.78255771304
4.496472020903848 366243.333609541
5.660722890537329 153420.34417234306
7.126427896022374 93369.24313742644
8.971641173621407 51612.653684469435
11.294627058970837 25867.60312028165
14.219093021276404 14001.673444295962
17.900777537149963 6670.918746133731
22.535743732392298 3386.79982267419
28.370820458389794 1022.804861498003
35.71674682851676 272.66847823122833
44.964720209038475 0.0
56.607228905373276 0.0
71.26427896022373 0.0
89.71641173621407 0.0
112.94627058970838 0.0
142.1909302127641 0.0
179.00777537149975 0.0
225.35743732392302 0.0
283.70820458389795 0.0
357.1674682851676 0.0
449.6472020903849 0.0
566.0722890537331 0.0
712.6427896022375 0.0
