0.5660722890537327 13698245.015387774
0.7126427896022374 15103848.154583693
0.8971641173621409 6193518.442136324
1.1294627058970836 7587830.24861596
1.4219093021276406 6395826.141221603
1.7900777537149968 3205506.410479845
2.25357437323923 2214446.0379023496
2.8370820458389803 1436279.167209963
3.5716746828516763 818005.4346936853
4.496472020903847 393574.9256699554
5.660722890537327 199994.37722466126
7.126427896022376 98861.55155727493
8.971641173621409 26150.4112001312
11.294627058970837 13796.054997483547
14.219093021276404 4667.224481431987
17.900777537149963 1126.259009087513
22.535743732392305 173.6820421884194
28.3708204583898 0.0
35.71674682851676 0.0
44.964720209038475 0.0
56.607228905373276 0.0
71.26427896022375 0.0
