0.8971641173621407 1376337.4315858514
1.1294627058970836 3793915.1243079775
1.4219093021276406 2592902.4896844337
1.7900777537149968 1646070.8594355967
2.25357437323923 1389456.337507358
2.8370820458389803 609330.5557860441
3.5716746828516763 414456.08691146737
4.496472020903848 273315.9206041351
5.660722890537329 139722.0991569553
7.126427896022374 68653.85524810768
8.971641173621407 37849.27936861092
11.294627058970837 18969.575621539876
14.219093021276404 9853.029460800863
17.900777537149963 3552.0476440452335
22.535743732392298 1953.922974619725
28.370820458389794 456.9979168395333
35.71674682851676 21.813478258498268
44.964720209038475 0.0
56.607228905373276 0.0
71.26427896022373 0.0
89.71641173621407 0.0
112.94627058970838 0.0
142.1909302127641 0.0
179.00777537149975 0.0
225.35743732392302 0.0
283.70820458389795 0.0
357.1674682851676 0.0
449.6472020903849 0.0
566.0722890537331 0.0
712.6427896022375 0.0
