0.8971641173621407 7569855.873722183
1.1294627058970836 10347041.248112665
1.4219093021276406 9161588.796884999
1.7900777537149968 6324377.512568345
2.25357437323923 5253881.7761996975
2.8370820458389803 2850796.528856135
3.5716746828516763 1625104.130258122
4.496472020903848 923807.8116419766
5.660722890537329 473959.2775324169
7.126427896022374 248526.95599814982
8.971641173621407 143827.26160072148
11.294627058970837 86225.34373427217
14.219093021276404 39066.39751124552
17.900777537149963 20705.83870553197
22.535743732392298 9465.67129926889
28.370820458389794 3917.1250014817138
35.71674682851676 1177.9278259589064
44.964720209038475 142.12427871415048
56.607228905373276 0.0
71.26427896022373 0.0
89.71641173621407 0.0
112.94627058970838 0.0
142.1909302127641 0.0
179.00777537149975 0.0
225.35743732392302 0.0
283.70820458389795 0.0
357.1674682851676 0.0
449.6472020903849 0.0
566.0722890537331 0.0
712.6427896022375 0.0
