0.5660722890537327 10958596.012310218
0.7126427896022374 5492308.419848615
0.8971641173621409 4817181.010550474
1.1294627058970836 3449013.7493708907
1.4219093021276406 3457203.319579245
1.7900777537149968 1819341.4762182904
2.25357437323923 1302615.3164131467
2.8370820458389803 957519.4448066421
3.5716746828516763 359922.3912652215
4.496472020903847 273315.92060413567
5.660722890537327 145201.39716311023
7.126427896022376 94742.32024238848
8.971641173621409 44042.79781074728
11.294627058970837 17589.97012179152
14.219093021276404 12100.211618527375
17.900777537149963 6237.742204176995
22.535743732392305 3126.276759391549
28.3708204583898 1044.566667061792
35.71674682851676 392.6426086529688
44.964720209038475 81.99477618124065
56.607228905373276 10.958596012310213
71.26427896022375 0.0
