0.8971641173621407 3440843.5789646287
1.1294627058970836 3449013.749370889
1.4219093021276406 3975783.817516132
1.7900777537149968 2079247.4013923327
2.25357437323923 1215774.2953189383
2.8370820458389803 848710.4169877042
3.5716746828516763 479896.5216869622
4.496472020903848 256916.96536788697
5.660722890537329 145201.39716311038
7.126427896022374 90623.08892750213
8.971641173621407 44730.96652654018
11.294627058970837 17934.87149672861
14.219093021276404 13137.372614401149
17.900777537149963 4678.306653132747
22.535743732392298 2040.7639957139352
28.370820458389794 261.14166676544755
35.71674682851676 10.906739129249134
44.964720209038475 0.0
56.607228905373276 0.0
71.26427896022373 0.0
89.71641173621407 0.0
112.94627058970838 0.0
142.1909302127641 0.0
179.00777537149975 0.0
225.35743732392302 0.0
283.70820458389795 0.0
357.1674682851676 0.0
449.6472020903849 0.0
566.0722890537331 0.0
712.6427896022375 0.0
