0.8971641173621407 9634362.02110096
1.1294627058970836 6553126.123804688
1.4219093021276406 7432987.137095377
1.7900777537149968 3811953.569219277
2.25357437323923 1693399.9113370925
2.8370820458389803 826948.611423917
3.5716746828516763 447176.3042992148
4.496472020903848 180388.50759872916
5.660722890537329 175337.53619696348
7.126427896022374 46684.62156871322
8.971641173621407 20645.061473787773
11.294627058970837 7932.73162355304
14.219093021276404 1210.0211618527376
17.900777537149963 346.5412335653886
22.535743732392298 86.84102109421
28.370820458389794 0.0
35.71674682851676 0.0
44.964720209038475 0.0
56.607228905373276 0.0
71.26427896022373 0.0
89.71641173621407 0.0
112.94627058970838 0.0
142.1909302127641 0.0
179.00777537149975 0.0
225.35743732392302 0.0
283.70820458389795 0.0
357.1674682851676 0.0
449.6472020903849 0.0
566.0722890537331 0.0
712.6427896022375 0.0
