0.8971641173621407 5505349.726343405
1.1294627058970836 5863323.373930511
1.4219093021276406 4667224.481431981
1.7900777537149968 2425788.6349577215
2.25357437323923 1953922.9746197222
2.8370820458389803 1305708.3338272374
3.5716746828516763 807098.6955644364
4.496472020903848 360777.0151974583
5.660722890537329 197254.7282215839
7.126427896022374 90623.08892750213
8.971641173621407 52300.82240026236
11.294627058970837 25867.60312028165
14.219093021276404 14693.114108211812
17.900777537149963 8836.80145591741
22.535743732392298 3864.4254386923453
28.370820458389794 718.1395836049809
35.71674682851676 10.906739129249134
44.964720209038475 0.0
56.607228905373276 0.0
71.26427896022373 0.0
89.71641173621407 0.0
112.94627058970838 0.0
142.1909302127641 0.0
179.00777537149975 0.0
225.35743732392302 0.0
283.70820458389795 0.0
357.1674682851676 0.0
449.6472020903849 0.0
566.0722890537331 0.0
712.6427896022375 0.0
