0.5660722890537327 32875788.036930654
0.7126427896022374 21969233.67939446
0.8971641173621409 15827880.46323727
1.1294627058970836 11726646.74786103
1.4219093021276406 10371609.958737735
1.7900777537149968 3811953.569219275
2.25357437323923 3213117.780485762
2.8370820458389803 1283946.528263452
3.5716746828516763 643497.6086256991
4.496472020903847 262383.28377997025
5.660722890537327 142461.74816003267
7.126427896022376 79638.47208780481
8.971641173621409 39913.78551598972
11.294627058970837 11726.646747861014
14.219093021276404 3457.20331957925
17.900777537149963 1559.4355510442488
22.535743732392305 564.4666371123631
28.3708204583898 21.761805563787338
35.71674682851676 0.0
44.964720209038475 0.0
56.607228905373276 0.0
71.26427896022375 0.0
