0.8971641173621407 6881687.1579292575
1.1294627058970836 3793915.1243079775
1.4219093021276406 2074321.991747547
1.7900777537149968 2252518.018175027
2.25357437323923 1346035.826960253
2.8370820458389803 805186.8058601297
3.5716746828516763 381735.86952371994
4.496472020903848 240518.01013163888
5.660722890537329 90408.4171015593
7.126427896022374 60415.39261833476
8.971641173621407 27526.748631717033
11.294627058970837 16210.364622043167
14.219093021276404 11408.770954611524
17.900777537149963 5371.389120263523
22.535743732392298 2040.7639957139352
28.370820458389794 282.9034723292349
35.71674682851676 43.626956516996536
44.964720209038475 0.0
56.607228905373276 0.0
71.26427896022373 0.0
89.71641173621407 0.0
112.94627058970838 0.0
142.1909302127641 0.0
179.00777537149975 0.0
225.35743732392302 0.0
283.70820458389795 0.0
357.1674682851676 0.0
449.6472020903849 0.0
566.0722890537331 0.0
712.6427896022375 0.0
