0.8971641173621407 4817181.01055048
1.1294627058970836 3449013.749370889
1.4219093021276406 3457203.319579245
1.7900777537149968 1819341.476218291
2.25357437323923 1302615.316413148
2.8370820458389803 957519.4448066407
3.5716746828516763 359922.39126522164
4.496472020903848 273315.9206041351
5.660722890537329 145201.39716311038
7.126427896022374 94742.3202423886
8.971641173621407 44042.79781074725
11.294627058970837 17589.97012179152
14.219093021276404 12100.211618527375
17.900777537149963 6237.742204176995
22.535743732392298 3126.27675939156
28.370820458389794 1044.5666670617902
35.71674682851676 392.6426086529688
44.964720209038475 81.99477618124065
56.607228905373276 10.958596012310213
71.26427896022373 0.0
89.71641173621407 0.0
112.94627058970838 0.0
142.1909302127641 0.0
179.00777537149975 0.0
225.35743732392302 0.0
283.70820458389795 0.0
357.1674682851676 0.0
449.6472020903849 0.0
566.0722890537331 0.0
712.6427896022375 0.0
