0.5660722890537327 2739649.0030775545
0.7126427896022374 8238462.629772924
0.8971641173621409 6193518.442136324
1.1294627058970836 4138816.499245069
1.4219093021276406 3111482.9876213204
1.7900777537149968 2339153.3265663735
2.25357437323923 1780240.9324313006
2.8370820458389803 1196899.3060083026
3.5716746828516763 665311.0868841973
4.496472020903847 295181.19425246655
5.660722890537327 197254.7282215837
7.126427896022376 108473.09129201
8.971641173621409 39225.616800196796
11.294627058970837 28626.81411977836
14.219093021276404 13655.953112338037
17.900777537149963 5804.56566222026
22.535743732392305 4732.835649634429
28.3708204583898 1719.1826395391995
35.71674682851676 130.88086955098962
44.964720209038475 5.46631841208271
56.607228905373276 0.0
71.26427896022375 0.0
