0.8971641173621407 13763374.315858515
1.1294627058970836 12416449.497735199
1.4219093021276406 9853029.460800847
1.7900777537149968 7450636.5216558585
2.25357437323923 5774927.9027649565
2.8370820458389803 3786554.168098988
3.5716746828516763 2268601.7388838213
4.496472020903848 1410310.1503173371
5.660722890537329 789018.9128863356
7.126427896022374 429773.1338531541
8.971641173621407 240170.88181173112
11.294627058970837 159689.33659587204
14.219093021276404 78651.37552042793
17.900777537149963 49555.39639985057
22.535743732392298 27572.024197411676
28.370820458389794 16299.592367276686
35.71674682851676 8801.73847730405
44.964720209038475 3788.1586595733183
56.607228905373276 926.0013630402129
71.26427896022373 90.62308892750225
89.71641173621407 7.56985587372218
112.94627058970838 2.069408249622531
142.1909302127641 0.0
179.00777537149975 0.0
225.35743732392302 0.0
283.70820458389795 0.0
357.1674682851676 0.0
449.6472020903849 0.0
566.0722890537331 0.0
712.6427896022375 0.0
