0.8971641173621407 15827880.463237291
1.1294627058970836 11726646.747861022
1.4219093021276406 10371609.958737735
1.7900777537149968 3811953.569219277
2.25357437323923 3213117.7804857655
2.8370820458389803 1283946.52826345
3.5716746828516763 643497.6086256993
4.496472020903848 262383.2837799697
5.660722890537329 142461.74816003282
7.126427896022374 79638.47208780491
8.971641173621407 39913.7855159897
11.294627058970837 11726.646747861014
14.219093021276404 3457.20331957925
17.900777537149963 1559.4355510442488
22.535743732392298 564.466637112365
28.370820458389794 21.7618055637873
35.71674682851676 0.0
44.964720209038475 0.0
56.607228905373276 0.0
71.26427896022373 0.0
89.71641173621407 0.0
112.94627058970838 0.0
142.1909302127641 0.0
179.00777537149975 0.0
225.35743732392302 0.0
283.70820458389795 0.0
357.1674682851676 0.0
449.6472020903849 0.0
566.0722890537331 0.0
712.6427896022375 0.0
