0.5660722890537327 0.0
0.7126427896022374 9611539.734735077
0.8971641173621409 5505349.726343399
1.1294627058970836 3793915.12430798
1.4219093021276406 3111482.9876213204
1.7900777537149968 2252518.018175026
2.25357437323923 1606558.890242881
2.8370820458389803 826948.6114239182
3.5716746828516763 512616.7390747094
4.496472020903847 278782.2390162184
5.660722890537327 142461.74816003267
7.126427896022376 68653.85524810759
8.971641173621409 31655.76092647461
11.294627058970837 17934.87149672861
14.219093021276404 9507.309128842937
17.900777537149963 3032.2357936971503
22.535743732392305 347.3640843768388
28.3708204583898 130.570833382724
35.71674682851676 21.813478258498268
44.964720209038475 0.0
56.607228905373276 0.0
71.26427896022375 0.0
