0.8971641173621407 14451543.031651441
1.1294627058970836 13796054.997483555
1.4219093021276406 17631736.929854147
1.7900777537149968 12215578.483179955
2.25357437323923 7685430.366837574
2.8370820458389803 5244595.140872736
3.5716746828516763 3664664.3474277114
4.496472020903848 1891346.1705806148
5.660722890537329 1079421.7072125564
7.126427896022374 583557.7696089153
8.971641173621407 306923.2472436449
11.294627058970837 176244.60259285232
14.219093021276404 101296.05726367202
17.900777537149963 56312.95045437565
22.535743732392298 27137.819091940626
28.370820458389794 15951.40347825609
35.71674682851676 8016.453259998113
44.964720209038475 3252.4594551892123
56.607228905373276 564.3676946339759
71.26427896022373 71.40000945803207
89.71641173621407 6.193518442136329
112.94627058970838 0.0
142.1909302127641 0.0
179.00777537149975 0.0
225.35743732392302 0.0
283.70820458389795 0.0
357.1674682851676 0.0
449.6472020903849 0.0
566.0722890537331 0.0
712.6427896022375 0.0
