0.8971641173621407 4129012.2947575543
1.1294627058970836 14485857.747357732
1.4219093021276406 8124427.801011225
1.7900777537149968 4851577.269915443
2.25357437323923 4342051.054710493
2.8370820458389803 2393798.6120166015
3.5716746828516763 1745078.2606798625
4.496472020903848 852745.6722849015
5.660722890537329 427385.2444800985
7.126427896022374 243034.6475783012
8.971641173621407 124558.53755851957
11.294627058970837 52080.10761550039
14.219093021276404 27484.766390655037
17.900777537149963 14641.367118137669
22.535743732392298 5992.0304555004905
28.370820458389794 3024.8909733664345
35.71674682851676 534.4302173332076
44.964720209038475 27.331592060413552
56.607228905373276 0.0
71.26427896022373 0.0
89.71641173621407 0.0
112.94627058970838 0.0
142.1909302127641 0.0
179.00777537149975 0.0
225.35743732392302 0.0
283.70820458389795 0.0
357.1674682851676 0.0
449.6472020903849 0.0
566.0722890537331 0.0
712.6427896022375 0.0
