0.8971641173621407 21333230.189580698
1.1294627058970836 10347041.248112665
1.4219093021276406 9334448.962863961
1.7900777537149968 3292141.7188711935
2.25357437323923 1519717.8691486728
2.8370820458389803 870472.2225514916
3.5716746828516763 403549.3477822182
4.496472020903848 125725.32347790214
5.660722890537329 71230.87408001641
7.126427896022374 34326.92762405384
8.971641173621407 15827.880463237294
11.294627058970837 4828.619249119241
14.219093021276404 1382.8813278317
17.900777537149963 606.44715873943
22.535743732392298 0.0
28.370820458389794 0.0
35.71674682851676 0.0
44.964720209038475 0.0
56.607228905373276 0.0
71.26427896022373 0.0
89.71641173621407 0.0
112.94627058970838 0.0
142.1909302127641 0.0
179.00777537149975 0.0
225.35743732392302 0.0
283.70820458389795 0.0
357.1674682851676 0.0
449.6472020903849 0.0
566.0722890537331 0.0
712.6427896022375 0.0
