0.8971641173621407 2752674.8631717027
1.1294627058970836 5173520.624056333
1.4219093021276406 3111482.9876213204
1.7900777537149968 2599059.251740416
2.25357437323923 1606558.8902428828
2.8370820458389803 870472.2225514916
3.5716746828516763 479896.5216869622
4.496472020903848 196787.46283497725
5.660722890537329 117804.90713233485
7.126427896022374 61788.46972329691
8.971641173621407 39225.616800196774
11.294627058970837 21383.885246099497
14.219093021276404 13310.232780380113
17.900777537149963 4678.306653132747
22.535743732392298 1476.29735860157
28.370820458389794 217.61805563787297
35.71674682851676 10.906739129249134
44.964720209038475 0.0
56.607228905373276 0.0
71.26427896022373 0.0
89.71641173621407 0.0
112.94627058970838 0.0
142.1909302127641 0.0
179.00777537149975 0.0
225.35743732392302 0.0
283.70820458389795 0.0
357.1674682851676 0.0
449.6472020903849 0.0
566.0722890537331 0.0
712.6427896022375 0.0
