0.8971641173621407 10322530.736893887
1.1294627058970836 8622534.373427222
1.4219093021276406 8297287.966990188
1.7900777537149968 5458024.428654873
2.25357437323923 3213117.7804857655
2.8370820458389803 2176180.5563787287
3.5716746828516763 1352435.6520268936
4.496472020903848 601295.0253290972
5.660722890537329 356154.3704000821
7.126427896022374 155157.71286072335
8.971641173621407 95655.4514952167
11.294627058970837 50010.69936587786
14.219093021276404 24027.563071075787
17.900777537149963 6497.648129351037
22.535743732392298 1346.035826960255
28.370820458389794 217.61805563787297
35.71674682851676 0.0
44.964720209038475 0.0
56.607228905373276 0.0
71.26427896022373 0.0
89.71641173621407 0.0
112.94627058970838 0.0
142.1909302127641 0.0
179.00777537149975 0.0
225.35743732392302 0.0
283.70820458389795 0.0
357.1674682851676 0.0
449.6472020903849 0.0
566.0722890537331 0.0
712.6427896022375 0.0
