0.8971641173621407 13075205.600065589
1.1294627058970836 10691942.623049755
1.4219093021276406 9334448.962863961
1.7900777537149968 5458024.428654873
2.25357437323923 4255210.033616284
2.8370820458389803 2306751.3897614526
3.5716746828516763 1396062.60854389
4.496472020903848 677823.483098255
5.660722890537329 372592.2644185474
7.126427896022374 212826.9512691338
8.971641173621407 108042.48837948935
11.294627058970837 62427.148863613045
14.219093021276404 38547.81701330864
17.900777537149963 21312.2858642714
22.535743732392298 10594.60457349362
28.370820458389794 4265.313890502311
35.71674682851676 1199.7413042174046
44.964720209038475 125.72532347790234
56.607228905373276 16.437894018465318
71.26427896022373 0.0
89.71641173621407 0.0
112.94627058970838 0.0
142.1909302127641 0.0
179.00777537149975 0.0
225.35743732392302 0.0
283.70820458389795 0.0
357.1674682851676 0.0
449.6472020903849 0.0
566.0722890537331 0.0
712.6427896022375 0.0
