0.8971641173621407 8258024.589515109
1.1294627058970836 8967435.74836431
1.4219093021276406 5877245.643284717
1.7900777537149968 3725318.2608279292
2.25357437323923 1823661.4429784075
2.8370820458389803 1283946.52826345
3.5716746828516763 425362.8260407165
4.496472020903848 229585.37330747346
5.660722890537329 109585.96012310218
7.126427896022374 53550.00709352399
8.971641173621407 13075.20560006559
11.294627058970837 5173.52062405633
14.219093021276404 2074.32199174755
17.900777537149963 173.2706167826943
22.535743732392298 43.420510547105
28.370820458389794 43.5236111275746
35.71674682851676 0.0
44.964720209038475 0.0
56.607228905373276 0.0
71.26427896022373 0.0
89.71641173621407 0.0
112.94627058970838 0.0
142.1909302127641 0.0
179.00777537149975 0.0
225.35743732392302 0.0
283.70820458389795 0.0
357.1674682851676 0.0
449.6472020903849 0.0
566.0722890537331 0.0
712.6427896022375 0.0
