0.8971641173621407 2752674.8631717027
1.1294627058970836 2414309.6245596223
1.4219093021276406 5185804.979368867
1.7900777537149968 1646070.8594355967
2.25357437323923 1042092.2531305185
2.8370820458389803 783425.0002963424
3.5716746828516763 436269.5651699656
4.496472020903848 251450.6469558043
5.660722890537329 139722.0991569553
7.126427896022374 82384.62629772922
8.971641173621407 38537.44808440385
11.294627058970837 13796.054997483547
14.219093021276404 9507.309128842937
17.900777537149963 4764.941961524093
22.535743732392298 1693.399911337095
28.370820458389794 587.568750222257
35.71674682851676 163.601086938737
44.964720209038475 16.39895523624813
56.607228905373276 0.0
71.26427896022373 0.0
89.71641173621407 0.0
112.94627058970838 0.0
142.1909302127641 0.0
179.00777537149975 0.0
225.35743732392302 0.0
283.70820458389795 0.0
357.1674682851676 0.0
449.6472020903849 0.0
566.0722890537331 0.0
712.6427896022375 0.0
