0.8971641173621407 5505349.726343405
1.1294627058970836 5518421.998993422
1.4219093021276406 3630063.485558207
1.7900777537149968 3465412.3356538876
2.25357437323923 2084184.506261037
2.8370820458389803 1153375.6948807263
3.5716746828516763 523523.4782039588
4.496472020903848 311580.149488714
5.660722890537329 112325.60912617973
7.126427896022374 67280.77814314552
8.971641173621407 39913.7855159897
11.294627058970837 21728.786621036586
14.219093021276404 11754.49128656945
17.900777537149963 4418.400727958705
22.535743732392298 2171.0255273552502
28.370820458389794 478.75972240332055
35.71674682851676 10.906739129249134
44.964720209038475 5.46631841208271
56.607228905373276 0.0
71.26427896022373 0.0
89.71641173621407 0.0
112.94627058970838 0.0
142.1909302127641 0.0
179.00777537149975 0.0
225.35743732392302 0.0
283.70820458389795 0.0
357.1674682851676 0.0
449.6472020903849 0.0
566.0722890537331 0.0
712.6427896022375 0.0
