0.8971641173621407 4817181.01055048
1.1294627058970836 6553126.123804688
1.4219093021276406 4321504.149474056
1.7900777537149968 2858965.176914457
2.25357437323923 2778912.675014716
2.8370820458389803 2002086.1118684306
3.5716746828516763 1177927.8259589071
4.496472020903848 645025.5726257588
5.660722890537329 372592.2644185474
7.126427896022374 182619.25495996643
8.971641173621407 90150.10176887328
11.294627058970837 41733.06636738773
14.219093021276404 19360.3385896438
17.900777537149963 10049.69577339627
22.535743732392298 5297.30228674681
28.370820458389794 2654.9402787820504
35.71674682851676 741.6582607889411
44.964720209038475 65.59582094499252
56.607228905373276 0.0
71.26427896022373 0.0
89.71641173621407 0.0
112.94627058970838 0.0
142.1909302127641 0.0
179.00777537149975 0.0
225.35743732392302 0.0
283.70820458389795 0.0
357.1674682851676 0.0
449.6472020903849 0.0
566.0722890537331 0.0
712.6427896022375 0.0
