0.8971641173621407 8946193.305308035
1.1294627058970836 7587830.248615955
1.4219093021276406 3802923.6515371692
1.7900777537149968 2945600.4853058048
2.25357437323923 1736820.4218841975
2.8370820458389803 1458040.9727737482
3.5716746828516763 785285.2173059381
4.496472020903848 595828.7069170144
5.660722890537329 391769.8074400903
7.126427896022374 234796.18494852827
8.971641173621407 123870.36884272665
11.294627058970837 60702.64198892761
14.219093021276404 25756.16473086541
17.900777537149963 11262.59009087513
22.535743732392298 7251.225261366535
28.370820458389794 4482.931946140184
35.71674682851676 1941.3995650063457
44.964720209038475 481.0360202632785
56.607228905373276 84.92911909540415
71.26427896022373 0.0
89.71641173621407 0.0
112.94627058970838 0.0
142.1909302127641 0.0
179.00777537149975 0.0
225.35743732392302 0.0
283.70820458389795 0.0
357.1674682851676 0.0
449.6472020903849 0.0
566.0722890537331 0.0
712.6427896022375 0.0
