0.8971641173621407 10322530.736893887
1.1294627058970836 14485857.747357732
1.4219093021276406 10717330.29069566
1.7900777537149968 6844189.362916429
2.25357437323923 4863097.181275753
2.8370820458389803 3438365.2790783914
3.5716746828516763 1832332.1737138557
4.496472020903848 1229921.6427186078
5.660722890537329 378071.5624247025
7.126427896022374 197723.10311455012
8.971641173621407 76386.72745301477
11.294627058970837 29316.61686965254
14.219093021276404 10198.749792758786
17.900777537149963 1992.6120930009845
22.535743732392298 217.102552735525
28.370820458389794 65.28541669136189
35.71674682851676 10.906739129249134
44.964720209038475 0.0
56.607228905373276 0.0
71.26427896022373 0.0
89.71641173621407 0.0
112.94627058970838 0.0
142.1909302127641 0.0
179.00777537149975 0.0
225.35743732392302 0.0
283.70820458389795 0.0
357.1674682851676 0.0
449.6472020903849 0.0
566.0722890537331 0.0
712.6427896022375 0.0
