0.8971641173621407 6881687.1579292575
1.1294627058970836 4483717.874182155
1.4219093021276406 4321504.149474056
1.7900777537149968 3378777.0272625405
2.25357437323923 2388128.0800907714
2.8370820458389803 2241465.9730700906
3.5716746828516763 1090673.9129249142
4.496472020903848 486502.3386753604
5.660722890537329 345195.77438777185
7.126427896022374 186738.48627485288
8.971641173621407 107354.31966369643
11.294627058970837 64841.45848817267
14.219093021276404 28176.20705457089
17.900777537149963 18626.591304139638
22.535743732392298 7772.271387931795
28.370820458389794 2807.2729177285614
35.71674682851676 556.2436955917058
44.964720209038475 103.8600498295715
56.607228905373276 13.698245015387766
71.26427896022373 0.0
89.71641173621407 0.0
112.94627058970838 0.0
142.1909302127641 0.0
179.00777537149975 0.0
225.35743732392302 0.0
283.70820458389795 0.0
357.1674682851676 0.0
449.6472020903849 0.0
566.0722890537331 0.0
712.6427896022375 0.0
