0.8971641173621407 17204217.89482314
1.1294627058970836 8277632.998490132
1.4219093021276406 8124427.801011225
1.7900777537149968 7277365.904873164
2.25357437323923 4949938.202369963
2.8370820458389803 3373079.8623870295
3.5716746828516763 2203161.3041083263
4.496472020903848 1246320.597954856
5.660722890537329 630119.2707078375
7.126427896022374 304823.1173015981
8.971641173621407 148644.44261127198
11.294627058970837 95537.68085757356
14.219093021276404 45807.94398442506
17.900777537149963 25730.686592230104
22.535743732392298 14328.76848054465
28.370820458389794 6093.3055578604435
35.71674682851676 1854.1456519723527
44.964720209038475 213.1864180712257
56.607228905373276 13.698245015387766
71.26427896022373 0.0
89.71641173621407 0.0
112.94627058970838 0.0
142.1909302127641 0.0
179.00777537149975 0.0
225.35743732392302 0.0
283.70820458389795 0.0
357.1674682851676 0.0
449.6472020903849 0.0
566.0722890537331 0.0
712.6427896022375 0.0
