0.8971641173621407 7569855.873722183
1.1294627058970836 5518421.998993422
1.4219093021276406 5012944.813389905
1.7900777537149968 3725318.2608279292
2.25357437323923 3213117.7804857655
2.8370820458389803 2002086.1118684306
3.5716746828516763 1276088.4781221496
4.496472020903848 825414.0802244879
5.660722890537329 435604.19148933113
7.126427896022374 266376.9583626578
8.971641173621407 126623.04370589835
11.294627058970837 61047.543363864694
14.219093021276404 33534.872199918726
17.900777537149963 13428.472800658808
22.535743732392298 4472.312586351815
28.370820458389794 1175.137500444514
35.71674682851676 523.5234782039585
44.964720209038475 147.59059712623318
56.607228905373276 19.17754302154287
71.26427896022373 0.0
89.71641173621407 0.0
112.94627058970838 0.0
142.1909302127641 0.0
179.00777537149975 0.0
225.35743732392302 0.0
283.70820458389795 0.0
357.1674682851676 0.0
449.6472020903849 0.0
566.0722890537331 0.0
712.6427896022375 0.0
