0.5660722890537327 10958596.012310218
0.7126427896022374 6865385.52481077
0.8971641173621409 4129012.294757549
1.1294627058970836 5518421.998993426
1.4219093021276406 4148643.983495094
1.7900777537149968 2772329.8685231092
2.25357437323923 1432876.8480544614
2.8370820458389803 957519.4448066421
3.5716746828516763 501709.99994546024
4.496472020903847 295181.19425246655
5.660722890537327 150680.69516926532
7.126427896022376 70026.93235306974
8.971641173621409 44042.79781074728
11.294627058970837 15865.46324710608
14.219093021276404 10544.470124716712
17.900777537149963 2945.6004853058034
22.535743732392305 1519.7178691486697
28.3708204583898 369.95069458438473
35.71674682851676 43.626956516996536
44.964720209038475 38.26422888457897
56.607228905373276 0.0
71.26427896022375 0.0
