0.8971641173621407 22709567.62116655
1.1294627058970836 15175660.49723191
1.4219093021276406 13828813.27831698
1.7900777537149968 7277365.904873164
2.25357437323923 3256538.2910328703
2.8370820458389803 1566850.0005926848
3.5716746828516763 665311.0868841975
4.496472020903848 256916.96536788697
5.660722890537329 131503.1521477226
7.126427896022374 59042.3155133726
8.971641173621407 17204.217894823145
11.294627058970837 5173.52062405633
14.219093021276404 1037.160995873775
17.900777537149963 0.0
22.535743732392298 0.0
28.370820458389794 0.0
35.71674682851676 0.0
44.964720209038475 0.0
56.607228905373276 0.0
71.26427896022373 0.0
89.71641173621407 0.0
112.94627058970838 0.0
142.1909302127641 0.0
179.00777537149975 0.0
225.35743732392302 0.0
283.70820458389795 0.0
357.1674682851676 0.0
449.6472020903849 0.0
566.0722890537331 0.0
712.6427896022375 0.0
