0.8971641173621407 3440843.5789646287
1.1294627058970836 2069408.249622533
1.4219093021276406 3111482.9876213204
1.7900777537149968 2685694.560131763
2.25357437323923 1693399.9113370925
2.8370820458389803 1240422.9171358754
3.5716746828516763 490803.26081621135
4.496472020903848 371709.6520216237
5.660722890537329 156159.9931754206
7.126427896022374 93369.24313742644
8.971641173621407 57118.003410812846
11.294627058970837 32075.827869149245
14.219093021276404 20224.639419538613
17.900777537149963 11955.672558005906
22.535743732392298 5427.563818388126
28.370820458389794 2154.4187508149425
35.71674682851676 458.0830434284636
44.964720209038475 60.12950253290981
56.607228905373276 0.0
71.26427896022373 0.0
89.71641173621407 0.0
112.94627058970838 0.0
142.1909302127641 0.0
179.00777537149975 0.0
225.35743732392302 0.0
283.70820458389795 0.0
357.1674682851676 0.0
449.6472020903849 0.0
566.0722890537331 0.0
712.6427896022375 0.0
