0.8971641173621407 6193518.442136331
1.1294627058970836 6553126.123804688
1.4219093021276406 3111482.9876213204
1.7900777537149968 2945600.4853058048
2.25357437323923 1910502.4640726172
2.8370820458389803 892234.0281152788
3.5716746828516763 588963.9129794536
4.496472020903848 251450.6469558043
5.660722890537329 147941.04616618794
7.126427896022374 76892.3178778806
8.971641173621407 58494.34084239869
11.294627058970837 28971.71549471545
14.219093021276404 16594.5759339804
17.900777537149963 9616.519231439534
22.535743732392298 2952.59471720314
28.370820458389794 848.7104169877047
35.71674682851676 10.906739129249134
44.964720209038475 0.0
56.607228905373276 0.0
71.26427896022373 0.0
89.71641173621407 0.0
112.94627058970838 0.0
142.1909302127641 0.0
179.00777537149975 0.0
225.35743732392302 0.0
283.70820458389795 0.0
357.1674682851676 0.0
449.6472020903849 0.0
566.0722890537331 0.0
712.6427896022375 0.0
