0.8971641173621407 2064506.1473787772
1.1294627058970836 4138816.499245066
1.4219093021276406 3630063.485558207
1.7900777537149968 4591671.344741401
2.25357437323923 3126276.7593915556
2.8370820458389803 2002086.1118684306
3.5716746828516763 1483316.521577883
4.496472020903848 754351.9408674128
5.660722890537329 479438.57553857204
7.126427896022374 291092.34625197656
8.971641173621407 150020.78004285783
11.294627058970837 81051.82311021583
14.219093021276404 41140.71950299307
17.900777537149963 26683.674984534922
22.535743732392298 13937.983885620706
28.370820458389794 6115.06736342423
35.71674682851676 2933.912825768017
44.964720209038475 464.63706502703036
56.607228905373276 35.61543704000819
71.26427896022373 0.0
89.71641173621407 0.0
112.94627058970838 0.0
142.1909302127641 0.0
179.00777537149975 0.0
225.35743732392302 0.0
283.70820458389795 0.0
357.1674682851676 0.0
449.6472020903849 0.0
566.0722890537331 0.0
712.6427896022375 0.0
