0.8971641173621407 4129012.2947575543
1.1294627058970836 2069408.249622533
1.4219093021276406 4321504.149474056
1.7900777537149968 4071859.494393318
2.25357437323923 2909174.206656031
2.8370820458389803 2219704.167506303
3.5716746828516763 1254274.999863651
4.496472020903848 891009.9011694804
5.660722890537329 490397.1715508822
7.126427896022374 243034.6475783012
8.971641173621407 158278.80463237295
11.294627058970837 89329.45610870597
14.219093021276404 50993.748963793936
17.900777537149963 21572.191789445442
22.535743732392298 10638.025084040726
28.370820458389794 5048.738890798653
35.71674682851676 1417.8760868023874
44.964720209038475 245.98432854372197
56.607228905373276 49.31368205539596
71.26427896022373 1.3730771049621553
89.71641173621407 0.0
112.94627058970838 0.0
142.1909302127641 0.0
179.00777537149975 0.0
225.35743732392302 0.0
283.70820458389795 0.0
357.1674682851676 0.0
449.6472020903849 0.0
566.0722890537331 0.0
712.6427896022375 0.0
