0.8971641173621407 688168.7157929257
1.1294627058970836 3104112.3744337996
1.4219093021276406 864300.8298948113
1.7900777537149968 1905976.7846096384
2.25357437323923 1432876.848054463
2.8370820458389803 1001043.0559342153
3.5716746828516763 850725.652081433
4.496472020903848 442771.79137869884
5.660722890537329 254787.35728621256
7.126427896022374 179873.10075004213
8.971641173621407 105977.98223211057
11.294627058970837 66565.96536285811
14.219093021276404 40794.999171035146
17.900777537149963 22178.63894818487
22.535743732392298 12070.90193209519
28.370820458389794 5266.356946436526
35.71674682851676 2530.363477985799
44.964720209038475 699.6887567465869
56.607228905373276 24.65684102769798
71.26427896022373 0.0
89.71641173621407 0.0
112.94627058970838 0.0
142.1909302127641 0.0
179.00777537149975 0.0
225.35743732392302 0.0
283.70820458389795 0.0
357.1674682851676 0.0
449.6472020903849 0.0
566.0722890537331 0.0
712.6427896022375 0.0
