0.8971641173621407 4817181.01055048
1.1294627058970836 7587830.248615955
1.4219093021276406 6395826.141221603
1.7900777537149968 4158494.8027846655
2.25357437323923 2996015.227750241
2.8370820458389803 1653897.222847834
3.5716746828516763 828912.1738229347
4.496472020903848 481036.02026327775
5.660722890537329 298621.7413354534
7.126427896022374 160650.02128057196
8.971641173621407 77763.06488460062
11.294627058970837 35869.74299345722
14.219093021276404 21261.80041541239
17.900777537149963 13948.284651006892
22.535743732392298 7468.32781410206
28.370820458389794 4004.1722237368626
35.71674682851676 1297.9019563806469
44.964720209038475 262.3832837799701
56.607228905373276 5.479298006155107
71.26427896022373 0.0
89.71641173621407 0.0
112.94627058970838 0.0
142.1909302127641 0.0
179.00777537149975 0.0
225.35743732392302 0.0
283.70820458389795 0.0
357.1674682851676 0.0
449.6472020903849 0.0
566.0722890537331 0.0
712.6427896022375 0.0
