0.5660722890537326 8218947.009232671 2739649.003077557 13698245.015387785
0.7126427896022373 6865385.524810772 2746154.209924309 10984616.839697236
0.8971641173621405 5505349.72634341 2752674.863171705 9634362.021100968
1.1294627058970832 5173520.62405634 2759210.999496715 7587830.248615966
1.4219093021276399 3630063.4855582127 2337069.444035573 5441638.025017737
1.790077753714996 2685694.5601317664 1732706.1678269461 3506997.283681738
2.253574373239229 1693399.9113370955 1259194.8058660454 2278708.39351207
2.8370820458389785 1001043.0559342181 761663.1947325572 1305708.3338272409
3.5716746828516737 556243.6955917085 403549.34778221993 698031.304271948
4.496472020903845 289714.8758403839 213186.41807122587 371709.6520216246
5.660722890537325 150680.69516926553 109585.9601231022 205473.67523081662
7.12642789602237 79638.47208780517 59042.3155133728 104353.85997712401
8.9716411736214 42666.460379161574 30279.423494888862 57806.172126606005
11.294627058970825 23453.293495722097 16389.7133370105 31896.479154182045
14.219093021276393 12445.931950485294 8643.008298948122 17286.016597896243
17.90077753714995 6324.377512568376 4245.130111176033 9176.411864811536
22.535743732392273 3126.276759391568 2084.184506261045 4579.995452508646
28.370820458389765 1566.8500005926905 1034.1210003911758 2447.7678898148033
35.716746828516726 807.0986955644383 490.8032608162125 1384.283330284304
44.96472020903842 431.83915455453695 246.20298128020693 912.8751748178187
56.60722890537319 224.65121825236025 115.1748440893808 792.5256636102774
71.26427896022365 145.54617312598873 56.296161303448464 492.87975759721576
89.71641173621398 101.84896993735326 45.088814258752606 498.5369444690284
112.94627058970826 102.09080698137856 30.71001842439847 346.9707831867116
142.19093021276385 73.46557054105953 22.575537676852644 351.403974215315
179.00777537149938 57.006032921506666 19.853347270961198 525.3738371468094
225.35743732392268 50.888838361207114 17.347362373779408 276.99680498420184
283.7082045838975 43.91532362772319 16.08197431163897 290.79691444333446
357.16746828516693 43.725117169160036 15.49585868527209 413.6777820072059
449.647202090384 46.69329187601068 12.43849822032601 347.2955434241087
566.0722890537319 44.193278068644204 13.868760769339374 278.0407309226148
712.6427896022365 34.359881474573044 11.903534961422139 168.43992708169625
