0.5660722890537326 13698245.015387785 5479298.006155114 19177543.0215429
0.7126427896022373 12357693.94465939 7085077.861604717 20156771.900844425
0.8971641173621405 11010699.45268682 6991794.152456131 17672172.621562347
1.1294627058970832 11036843.99798686 9022619.968354259 14775574.90230491
1.4219093021276399 9680169.2948219 6942064.265715135 16283427.635218266
1.790077753714996 7623907.138438563 6438736.119644931 11134369.834455958
2.253574373239229 6078871.476594701 4710256.984149952 7609010.268274682
2.8370820458389785 4330599.3071936825 3419214.8901822683 5484845.474296964
3.5716746828516737 2737591.5214415463 2113289.7736833226 3638488.173517529
4.496472020903845 1546968.1106194083 1381010.6836285768 2302413.3151692394
5.660722890537325 868468.733975585 688966.9312939434 1336948.7135018469
7.12642789602237 510784.6830459228 408902.36185773066 736134.0975123121
8.9716411736214 290407.1980646159 227893.95192198624 406707.7110336208
11.294627058970825 160724.04072068378 124261.06736233467 220861.04445471472
14.219093021276393 86602.94315546018 67463.86557826945 123083.35258366041
17.90077753714995 49728.66701663353 38906.18429238639 68913.18970681354
22.535743732392273 27268.080623582006 22368.510213446665 36850.11889111716
28.370820458389765 15690.261811490693 11527.663643249447 21347.460785852854
35.716746828516726 7831.038694800902 5019.717616845637 12123.931216073373
44.96472020903842 3979.4798039962393 2545.117852665727 5343.65422691561
56.60722890537319 1860.221673089666 1151.2005110931925 3075.9683146953657
71.26427896022365 973.5116674181698 580.5369999780003 1550.9180515968565
89.71641173621398 414.2775669073423 258.0632684223478 733.560324286629
112.94627058970826 228.6696115832905 128.91033789648668 363.0845754237731
142.19093021276385 137.07811162131813 82.41281273213069 239.1554968352157
179.00777537149938 99.02415749131022 52.07821658020682 260.9940646474379
225.35743732392268 70.99253474451675 26.969347511017883 306.30391278307593
283.7082045838975 45.15574654485908 25.71461992639387 125.89987943651369
357.16746828516693 48.58952282080518 24.229102840844508 139.8331210282781
449.647202090384 40.915393314439235 21.003344561113714 118.97114044793337
566.0722890537319 26.82390338913244 15.183244361015989 61.5765701650916
712.6427896022365 22.327606803789653 14.563405006070635 48.716501068636376
