0.5660722890537326 10958596.012310227 2739649.0030775573 21588434.144251138
0.7126427896022373 8238462.629772927 5492308.419848618 16476925.259545851
0.8971641173621405 7569855.873722189 4817181.010550484 15827880.463237304
1.1294627058970832 6553126.123804698 3449013.749370894 10305653.083120229
1.4219093021276399 4926514.730400431 3457203.31957925 7585104.0831568735
1.790077753714996 3508729.9898495656 2273310.492188954 4927816.341299834
2.253574373239229 2062474.250987488 1524928.3304143278 2822333.185561826
2.8370820458389785 1218661.1115720915 851321.8336553611 1632135.4172840514
3.5716746828516737 654404.3477549513 458083.0434284659 849416.8433859268
4.496472020903845 338911.7415491283 251450.64695580484 491968.6570874443
5.660722890537325 182186.6587046574 115722.77388999594 270238.97766356997
7.12642789602237 102294.24431968079 63655.85458604565 140932.63405331588
8.9716411736214 54021.2441897449 31655.76092647472 83268.41461094437
11.294627058970825 33455.4333688977 19010.963786532382 62344.372533628324
14.219093021276393 20916.080083454453 10738.073510613145 52978.18366923236
17.90077753714995 15334.449585268529 7395.189924285432 47174.65812525659
22.535743732392273 12114.322442642326 5486.615712732202 47140.77989078105
28.370820458389765 10053.954170469764 4024.1930848555608 40212.33479298885
35.716746828516726 8169.147607807627 3053.0144170594267 39512.06197831352
44.96472020903842 8524.723563643043 2362.1055122291964 38549.35205295345
56.60722890537319 8798.382773383597 1458.2603713581263 34835.40417585207
71.26427896022365 7902.058739057218 1243.568472422127 32072.33501770607
89.71641173621398 7593.597694417058 1206.3047052877387 21951.591070843642
112.94627058970826 5136.271275563141 750.891681403037 20620.935812628708
142.19093021276385 4613.032819397612 340.0920049536522 19046.770248558085
179.00777537149938 3164.181368377185 265.13869780088004 12553.359154360855
225.35743732392268 1350.5949805677024 163.97842649135325 10507.800025628276
283.7082045838975 512.773424499525 86.82089947728666 5343.816787632542
357.16746828516693 254.16519529845868 52.06091975086262 2453.590068715898
449.647202090384 142.56978366473572 54.65837376062467 1049.6883785627874
566.0722890537319 116.45836964732268 38.650748963498046 493.5334121436472
712.6427896022365 105.01774275737321 24.528539556875597 223.9304216630373
