0.5660722890537326 10958596.012310227 5479298.006155114 25971872.54917524
0.7126427896022373 10984616.839697236 5547231.504047104 19882156.479852
0.8971641173621405 10322530.736893894 6578892.922980376 14066168.550807415
1.1294627058970832 9312337.123301413 4525106.039174613 15686114.532138824
1.4219093021276399 8297287.9669902 4501278.722092183 11837464.166239351
1.790077753714996 5198118.503480839 3857003.929582782 8389763.264618073
2.253574373239229 3907845.949239451 2976910.2031095196 4963832.765745046
2.8370820458389785 2546131.25096312 2157900.6397051536 3551526.6680100956
3.5716746828516737 1581477.1737411323 1298338.2259458234 1978918.7476109727
4.496472020903845 901942.5379936479 705592.3806316368 1183567.2625841496
5.660722890537325 460261.03251702926 390454.77591861313 590339.5671831516
7.12642789602237 266376.9583626587 207609.2582702783 352056.9697122973
8.9716411736214 147956.27389547965 113933.21258667727 173363.4628825546
11.294627058970825 76568.1052360339 62716.86601856038 108947.44631512788
14.219093021276393 41486.43983495098 33057.77814181677 59574.527602989605
17.90077753714995 21398.92117266286 17160.721886158135 35201.65850557236
22.535743732392273 13590.619801243898 9788.719897739375 25744.88911358956
28.370820458389765 9270.52917017342 6287.420863489448 21976.81220275759
35.716746828516726 6696.737825358989 4008.881034346824 20728.47584992063
44.96472020903842 5045.411894352375 2184.340837468266 22677.34991163
56.60722890537319 4525.900153084136 1697.2673503866126 17878.401464283572
71.26427896022365 4771.442939743498 1005.8064409268798 10591.03801833091
89.71641173621398 3923.249848735479 1066.6890362276692 13072.72819268877
112.94627058970826 3216.205321288362 1174.0166881758585 10972.98205940352
142.19093021276385 2393.248997978751 1093.1054599912134 14232.981089595825
179.00777537149938 2144.0506120690684 363.95839596438657 7327.510421370104
225.35743732392268 1465.311969433154 115.36308606239244 5342.907717384652
283.7082045838975 841.8119246239921 82.06812114215546 4973.376887659084
357.16746828516693 348.06676583172964 56.533555332985124 4201.596570717192
449.647202090384 117.59690799913578 55.348441796966 1380.930000768819
566.0722890537319 101.65193661018998 45.622936504410205 547.683122619276
712.6427896022365 99.38881316558086 28.866419669956244 209.43731820474073
