0.5660722890537326 10958596.012310227 2739649.003077557 19177543.0215429
0.7126427896022373 9611539.734735081 4119231.3148864633 13730771.049621545
0.8971641173621405 8258024.589515116 4817181.010550484 13075205.6000656
1.1294627058970832 7587830.248615966 4483717.874182162 10347041.24811268
1.4219093021276399 5704385.4773057625 3630063.4855582127 8124427.801011237
1.790077753714996 4591671.344741407 2772329.868523114 6757554.054525089
2.253574373239229 3082856.248844456 1997343.4851668305 4385471.565257606
2.8370820458389785 2089133.3341235856 1414517.3616461777 2829034.7232923554
3.5716746828516737 1145207.6085711648 828912.1738229382 1636010.8693873782
4.496472020903845 661424.5278620084 502901.29391160974 918341.4932298961
5.660722890537325 372592.2644185475 268485.6023016004 479438.57553857216
7.12642789602237 201842.33442943724 160650.0212805725 278734.6523073181
8.9716411736214 111483.33195845444 86709.25818990901 157590.63591658065
11.294627058970825 59667.93786411651 48286.19249119255 87604.94923402077
14.219093021276393 34572.03319579249 26620.465560760214 48573.70664008844
17.90077753714995 20359.29747196669 14381.461192963703 26770.310292926413
22.535743732392273 10203.8199785697 7468.327814102078 14241.927459450475
28.370820458389765 4744.073612905647 3460.1270846421917 7377.252086123918
35.716746828516726 2519.4567388565574 1734.1715215506176 3904.6126082712017
44.96472020903842 1279.1185084273627 912.8751748178187 1935.0767178772921
56.60722890537319 652.0364627324602 419.1662974708673 1032.8476741602417
71.26427896022365 369.3577412348204 193.60387179966423 587.6770009238035
89.71641173621398 226.40750749587312 92.9027766320452 430.10544737057967
112.94627058970826 143.47897197382935 64.84145848817288 453.54530804227306
142.19093021276385 106.65472240902054 39.58497800918266 335.52158216516835
179.00777537149938 88.02147332560908 30.40899324536298 310.3276746578068
225.35743732392268 75.07406273594462 24.749691011849876 207.28951735187948
283.7082045838975 65.87298544158479 17.496491673285156 129.72212296573733
357.16746828516693 57.849344341537744 19.413995650063573 106.29707955366268
449.647202090384 40.3250309259343 16.349758370539448 98.68891261174161
566.0722890537319 27.270466176634084 15.139300391006625 88.85503611681467
712.6427896022365 22.11477985252052 13.944971077995678 54.415045669650326
