0.5660722890537326 12328420.513849005 5808055.886524421 23999325.2669594
0.7126427896022373 10984616.839697236 9611539.734735081 17190925.354126174
0.8971641173621405 9290277.663204506 6358678.933926639 13350473.086382769
1.1294627058970832 10347041.24811268 7187744.653688943 12982087.752632044
1.4219093021276399 9853029.460800862 6174565.128768541 10675843.850860724
1.790077753714996 7883813.0636126045 5762980.714192423 10524457.26338087
2.253574373239229 5753217.647491414 4296893.723741512 8314159.359559668
2.8370820458389785 4559098.26561345 3366986.5568291787 6062839.030071155
3.5716746828516737 2901192.608380284 2772929.356220314 3780712.0517629385
4.496472020903845 2077200.9965914316 1750096.502812402 2366697.2196953325
5.660722890537325 1220513.6308710508 1025286.2429117442 1540011.497609955
7.12642789602237 723611.6343150573 591576.5399018961 906889.9662854061
8.9716411736214 383998.14341245417 323852.1976521522 529669.6971715013
11.294627058970825 210734.74008656177 166090.70611470487 287013.12816764845
14.219093021276393 131892.30664194832 100286.55389435483 158948.37982097553
17.90077753714995 72470.43546936227 54746.58407866039 100205.86309776829
22.535743732392273 45374.43352172484 33916.62919855474 51343.88531174084
28.370820458389765 26549.40278782059 18440.954034753417 37795.03343096335
35.716746828516726 15296.701628771956 11586.447111783977 34660.30814405835
44.96472020903842 11080.227421291727 10316.254760019043 33334.921593299485
56.60722890537319 10922.980575270249 8646.770597553284 28848.394416446627
71.26427896022365 12628.190134336965 7865.534888065225 26943.892030672418
89.71641173621398 18481.45903133486 3339.0496625245482 29113.14268211159
112.94627058970826 12380.752205429242 3307.4386329867216 31834.907360728288
142.19093021276385 5052.529791399127 2294.4421271051756 29686.87353150106
179.00777537149938 2431.1600240779944 1021.0144364537089 14839.086218948461
225.35743732392268 1225.4787794262193 546.6538068655212 7742.233078735315
283.7082045838975 387.96946959120373 165.16601092358934 3732.2558518007086
357.16746828516693 165.92422237326804 83.5028673126622 1834.5514769918846
449.647202090384 103.31615114756966 82.33718636657382 859.8669732594307
566.0722890537319 58.91752163568458 49.03610081840436 406.97836615789623
712.6427896022365 58.596751992812585 27.87972646233044 139.29883706766356
