1.1294627058970836 2759210.999496711 0.0
1.4219093021276406 2765762.6556633958 18.820233973928058
1.7900777537149968 1386164.934261555 37.22825680316944
2.25357437323923 3473640.843768395 33.610397418168006
2.83708204583898 1915038.889613283 44.2744636759427
3.5716746828516763 2966633.043155765 48.3584200997244
4.496472020903848 3410982.689139606 46.75760474156936
5.660722890537329 2301305.162585146 43.741009664518316
7.126427896022374 2087077.1995424735 44.79172010787576
8.971641173621407 1376337.4315858516 46.662247822634484
11.294627058970837 1009871.2258157956 47.81985000427184
14.219093021276407 616765.072212936 48.76611456298599
17.90077753714997 392284.67639602063 48.25283228585616
22.535743732392305 240028.58230439562 47.72204154324139
28.3708204583898 141364.68894236253 45.08023558066499
35.71674682851676 83938.26433870134 43.37779670988849
44.96472020903849 42156.24759398173 42.99316113648476
56.60722890537329 22793.87970560528 40.8628321780004
71.26427896022375 12236.8631594227 38.94271011908216
89.71641173621408 6402.721731737385 37.50606658550585
112.94627058970838 1994.9095526361198 34.90648575771897
142.1909302127641 409.33287303818184 32.61354390010972
179.00777537149975 29.802546086623387 26.731668959726516
225.35743732392314 1.3894563375073528 18.52416281327765
283.7082045838981 0.0 0.0
357.1674682851676 0.0 0.0
449.6472020903849 0.0 0.0
566.0722890537331 0.0 0.0
712.6427896022379 0.0 0.0
