1.1294627058970836 2759210.999496711 0.0
1.4219093021276406 9680169.294821886 55.69165705815032
1.7900777537149968 4158494.8027846655 35.48436750232934
2.25357437323923 6599917.60315995 47.58359035018221
2.83708204583898 5048738.890798655 47.380832647377744
3.5716746828516763 5846012.173277537 54.02353822897185
4.496472020903848 4810360.202632777 45.94475198333345
5.660722890537329 3682088.260136233 50.10707367327323
7.126427896022374 2548431.106809757 46.1362912101531
8.971641173621407 1513971.1747444368 48.17477549472885
11.294627058970837 1134035.7207931476 49.58843694012448
14.219093021276407 649954.2240808967 48.52430839193807
17.90077753714997 361789.0478422663 47.55036642824465
22.535743732392305 208418.45062610327 47.18488472090274
28.3708204583898 117687.84448896191 47.29475690479408
35.71674682851676 73816.81042675814 45.96799680433154
44.96472020903849 41062.98391156519 44.66755706380818
56.60722890537329 22596.624977383693 43.385077686306765
71.26427896022375 11709.601551117234 40.57519814020812
89.71641173621408 5703.542316491773 39.39300934188234
112.94627058970838 1925.929277648702 38.36036521603574
142.1909302127641 398.26982241552827 36.84875700222058
179.00777537149975 106.04161747100879 33.32652971034636
225.35743732392314 3.1262767593915437 28.374826054121186
283.7082045838981 0.0 0.0
357.1674682851676 0.0 0.0
449.6472020903849 0.0 0.0
566.0722890537331 0.0 0.0
712.6427896022379 0.0 0.0
