1.1294627058970836 0.0 0.0
1.4219093021276406 4148643.983495094 73.69408293487959
1.7900777537149968 693082.4671307775 0.0
2.25357437323923 1389456.337507358 43.60343212006788
2.83708204583898 2437322.2231441783 67.43045783377579
3.5716746828516763 2268601.7388838204 68.8443471626661
4.496472020903848 2361449.5540197273 58.87283419275496
5.660722890537329 2388973.9306836273 65.47284700842646
7.126427896022374 2010184.8816645928 67.72305235960665
8.971641173621407 1981925.9014836263 63.70231632358318
11.294627058970837 1550676.5817171508 66.05787806738148
14.219093021276407 1109070.8249210196 66.63748878223474
17.90077753714997 826847.3832870187 66.68138301620579
22.535743732392305 526603.9519152876 67.5771324593833
28.3708204583898 330431.2556805469 66.56616665320587
35.71674682851676 194139.95650063458 64.75913704491478
44.96472020903849 78627.52403939745 61.7516433314947
56.60722890537329 9314.806610463695 57.90271591170156
71.26427896022375 54.92308419848609 29.79615374386492
89.71641173621408 0.0 0.0
112.94627058970838 0.0 0.0
142.1909302127641 0.0 0.0
179.00777537149975 0.0 0.0
225.35743732392314 0.0 0.0
283.7082045838981 0.0 0.0
357.1674682851676 0.0 0.0
449.6472020903849 0.0 0.0
566.0722890537331 0.0 0.0
712.6427896022379 0.0 0.0
