1.1294627058970836 2759210.999496711 0.0
1.4219093021276406 4148643.983495094 20.530116767757367
1.7900777537149968 4158494.8027846655 17.30090368003193
2.25357437323923 4863097.181275753 27.28458660979468
2.83708204583898 2959605.5566750737 30.586590637379647
3.5716746828516763 2268601.7388838204 28.46894034639862
4.496472020903848 1924144.081053111 28.376534752484
5.660722890537329 1599955.0177972917 31.577849006388018
7.126427896022374 1120430.9176491173 31.27944320187922
8.971641173621407 638620.5682558352 34.420125890620945
11.294627058970837 416640.8609240031 35.69532611217792
14.219093021276407 289022.1975168243 37.30039959016771
17.90077753714997 178122.19405261005 36.54692569065515
22.535743732392305 104556.58939742847 37.283344506300395
28.3708204583898 77472.02780708292 38.138611831633014
35.71674682851676 45721.05042981237 35.23563262649899
44.96472020903849 23439.57335101059 36.27023978392081
56.60722890537329 12427.0478779598 35.17517218639349
71.26427896022375 5536.246887207398 33.45281111629857
89.71641173621408 2163.60244245296 30.942103154111997
112.94627058970838 389.0487509290358 29.64757879365946
142.1909302127641 12.445931950485258 26.791984080117814
179.00777537149975 0.0 0.0
225.35743732392314 0.0 0.0
283.7082045838981 0.0 0.0
357.1674682851676 0.0 0.0
449.6472020903849 0.0 0.0
566.0722890537331 0.0 0.0
712.6427896022379 0.0 0.0
