1.1294627058970836 13796054.997483555 42.52040678281658
1.4219093021276406 8297287.966990188 39.02991926697156
1.7900777537149968 3465412.3356538876 46.013778577772385
2.25357437323923 7989373.940667309 47.82732795936818
2.83708204583898 6441494.446881043 53.040350101760794
3.5716746828516763 4886219.129903613 51.368109732910035
4.496472020903848 4679168.560742793 53.876058081699185
5.660722890537329 4010846.1405055397 55.709535830875375
7.126427896022374 2779108.060443399 56.63022303822042
8.971641173621407 1811260.0599669807 56.292191985946104
11.294627058970837 1103684.3997986838 53.32833396991382
14.219093021276407 684526.257276689 53.11581938372572
17.90077753714997 359709.800440874 49.628881799995696
22.535743732392305 188271.33373224663 49.15940683469813
28.3708204583898 99582.02225989084 46.7794003048958
35.71674682851676 54708.20347231365 43.77121376634796
44.96472020903849 29999.15544550982 40.964997599634835
56.60722890537329 17950.180268164157 37.98037249522328
71.26427896022375 9117.231976948691 33.272827745001784
89.71641173621408 4162.044393115618 30.669751894509545
112.94627058970838 1029.185702812272 28.84934945269881
142.1909302127641 102.33321825954546 25.03911893420205
179.00777537149975 0.6930824671307765 0.0
225.35743732392314 0.0 0.0
283.7082045838981 0.0 0.0
357.1674682851676 0.0 0.0
449.6472020903849 0.0 0.0
566.0722890537331 0.0 0.0
712.6427896022379 0.0 0.0
