1.1294627058970836 22073687.995973688 54.80085074459995
1.4219093021276406 11063050.622653583 51.58067940921933
1.7900777537149968 13168566.875484774 53.933740167295284
2.25357437323923 16326111.965711456 59.272375751581464
2.83708204583898 11838422.226700295 56.02056574528264
3.5716746828516763 9423422.607671253 59.385214348428676
4.496472020903848 7171809.756652504 56.07325629333926
5.660722890537329 4624527.517194912 54.551855903187985
7.126427896022374 2888954.228840371 56.448143398282724
8.971641173621407 1745195.8632508598 58.00075184181043
11.294627058970837 971242.2718228417 55.673010691224725
14.219093021276407 551769.6498048464 53.523367040519894
17.90077753714997 329214.17188711977 54.22237627934078
22.535743732392305 164997.94007899842 52.4366126268443
28.3708204583898 92966.4333684995 50.251281602353856
35.71674682851676 48164.15999476417 47.51461642816168
44.96472020903849 26631.90330366688 44.19543424568204
56.60722890537329 11090.099164457952 40.54879761591128
71.26427896022375 4119.231314886457 37.071465591769694
89.71641173621408 583.5670709924015 34.85894911149919
112.94627058970838 13.79605499748354 26.31282776615286
142.1909302127641 0.0 0.0
179.00777537149975 0.0 0.0
225.35743732392314 0.0 0.0
283.7082045838981 0.0 0.0
357.1674682851676 0.0 0.0
449.6472020903849 0.0 0.0
566.0722890537331 0.0 0.0
712.6427896022379 0.0 0.0
