1.1294627058970836 2759210.999496711 0.0
1.4219093021276406 5531525.3113267915 34.62093222368073
1.7900777537149968 11089319.47409244 31.81357526774385
2.25357437323923 7642009.856290469 42.227006799923934
2.83708204583898 8182438.891984028 40.68282801350375
3.5716746828516763 6631297.390583475 42.02540996775461
4.496472020903848 4198132.540479515 38.05208857358297
5.660722890537329 2980738.115348379 38.225070735459646
7.126427896022374 1834431.0122294372 41.35624310791731
8.971641173621407 1068037.8469106208 42.22225791867868
11.294627058970837 670488.2728777004 40.018970971922776
14.219093021276407 282107.7908776658 39.799309335109356
17.90077753714997 196835.42066514108 41.98330159205107
22.535743732392305 117061.69643499468 40.52141753979797
28.3708204583898 69985.96669314007 40.14024734589037
35.71674682851676 42754.417386656605 38.53095225384878
44.96472020903849 19897.399019981003 37.8670558457256
56.60722890537329 11857.200885319668 37.7376911948779
71.26427896022375 5799.8776913601305 35.94216329066907
89.71641173621408 2554.4822730233423 34.29312225095631
112.94627058970838 662.2106398792099 31.33492462216836
142.1909302127641 102.33321825954546 25.423744909563297
179.00777537149975 1.386164934261553 2.5726525670780758
225.35743732392314 0.0 0.0
283.7082045838981 0.0 0.0
357.1674682851676 0.0 0.0
449.6472020903849 0.0 0.0
566.0722890537331 0.0 0.0
712.6427896022379 0.0 0.0
