1.1294627058970836 2759210.999496711 0.0
1.4219093021276406 1382881.3278316979 0.0
1.7900777537149968 5544659.73704622 45.6289619198099
2.25357437323923 6252553.518783111 44.43887153530384
2.83708204583898 5048738.890798655 51.152259536271664
3.5716746828516763 4013679.999563682 40.9859389273593
4.496472020903848 3454713.2364362674 51.914541633642486
5.660722890537329 3112241.267496102 50.87136933392456
7.126427896022374 2427600.3215730875 45.75981519958802
8.971641173621407 1668120.9670820523 47.80108210568042
11.294627058970837 1004352.8038168022 49.1247759511861
14.219093021276407 652719.9867365601 49.51715133005436
17.90077753714997 369412.95498070493 47.136547303916664
22.535743732392305 193829.15908227605 46.1552372642533
28.3708204583898 111420.44448659116 44.23637364567866
35.71674682851676 61426.75477593112 42.051410403365324
44.96472020903849 34241.01853328599 39.78927419340686
56.60722890537329 18607.69602890277 37.31884211171504
71.26427896022375 9633.50896841446 34.634212869382175
89.71641173621408 4652.020518760181 32.326323519938285
112.94627058970838 1567.23184771413 31.887193985818048
142.1909302127641 636.12541080258 31.751811359159497
179.00777537149975 288.322306326403 29.39876111671096
225.35743732392314 22.231301400117644 25.166674572498493
283.7082045838981 0.5222833335308965 14.145690863561754
357.1674682851676 0.0 0.0
449.6472020903849 0.0 0.0
566.0722890537331 0.0 0.0
712.6427896022379 0.0 0.0
