1.1294627058970836 2759210.999496711 0.0
1.4219093021276406 5531525.3113267915 52.38373143678183
1.7900777537149968 2079247.4013923327 29.874402734309243
2.25357437323923 1042092.2531305185 36.57781355388125
2.83708204583898 1915038.889613283 51.131464364688874
3.5716746828516763 1396062.6085438894 43.72273237738877
4.496472020903848 1705491.344569803 51.36784596987859
5.660722890537329 1621872.2098219122 46.36940242305602
7.126427896022374 1131415.5344888147 47.94393080853174
8.971641173621407 1156123.4425321154 46.74321564700752
11.294627058970837 863633.04284247 47.37392060540281
14.219093021276407 670697.4439983722 47.07910789650568
17.90077753714997 442186.61402943666 46.73013935624244
22.535743732392305 311238.2196016476 47.40857536826939
28.3708204583898 170438.46117558243 45.40027585258085
35.71674682851676 94845.00346795046 46.58058516660557
44.96472020903849 37826.92341161224 43.91598636517341
56.60722890537329 12054.455613541253 40.722504035540005
71.26427896022375 2691.2311257258184 39.13961782875848
89.71641173621408 396.3851802967255 37.805902297561026
112.94627058970838 55.18421998993416 35.05821393682751
142.1909302127641 0.0 0.0
179.00777537149975 0.0 0.0
225.35743732392314 0.0 0.0
283.7082045838981 0.0 0.0
357.1674682851676 0.0 0.0
449.6472020903849 0.0 0.0
566.0722890537331 0.0 0.0
712.6427896022379 0.0 0.0
