1.1294627058970836 19314476.996476978 45.69116207749591
1.4219093021276406 11063050.622653583 42.9743041357598
1.7900777537149968 9703154.539830886 51.77115482015539
2.25357437323923 11463014.784435704 47.55675756548203
2.83708204583898 10967950.004148802 49.76917715673686
3.5716746828516763 5322488.6950735785 53.687613290887775
4.496472020903848 7215540.303949166 51.25241354956021
5.660722890537329 4339604.020874846 51.14685162026378
7.126427896022374 3295385.0519091687 50.9353967297015
8.971641173621407 2224161.289442736 52.30137124784162
11.294627058970837 1216812.0507780488 50.8620786677552
14.219093021276407 698355.070555006 49.62575508692153
17.90077753714997 382581.5218561897 47.80019323308903
22.535743732392305 198692.2562635518 46.72910490971956
28.3708204583898 107590.36670736459 45.148615383195654
35.71674682851676 54620.94955927966 42.06517434085902
44.96472020903849 26325.78947259025 39.54703605999859
56.60722890537329 14596.849888397226 36.77887343295915
71.26427896022375 7491.508684673502 34.22931966079143
89.71641173621408 3732.6271144608318 31.07759327037949
112.94627058970838 968.4830608233444 27.992983753292915
142.1909302127641 47.017965146277646 22.78156260618311
179.00777537149975 0.0 0.0
225.35743732392314 0.0 0.0
283.7082045838981 0.0 0.0
357.1674682851676 0.0 0.0
449.6472020903849 0.0 0.0
566.0722890537331 0.0 0.0
712.6427896022379 0.0 0.0
