1.1294627058970836 0.0 0.0 28086681.638903126
1.4219093021276406 21115029.408557642 14076686.272371762 28153372.544743523
1.7900777537149968 10582583.177233502 0.0 28220221.805956006
2.25357437323923 14143614.899275124 7071807.449637562 14143614.899275124
2.83708204583898 11518973.740392895 5458221.403140018 14177198.449714333
3.5716746828516763 11546325.16634541 6359360.6300794715 15845110.8436617
4.496472020903848 10015737.868872022 6677158.579248015 11983273.930223772
5.660722890537329 7250764.379785165 5220550.353445318 10414328.653796045
7.126427896022374 6317552.786987832 5393960.114058283 9039132.164603474
8.971641173621407 5267787.958103389 4207505.5307915155 7034178.132990823
11.294627058970837 4297262.290752174 3232215.3230049694 5196036.1031970745
14.219093021276407 2927950.7446533204 2398667.3408121434 3679082.724147076
17.90077753714997 1929557.6659822443 1507242.0466561122 2283580.3485379633
22.535743732392305 1166848.2291901954 936448.7424810041 1428505.1048267847
28.3708204583898 731897.8699665035 629892.9271208086 821639.5361531953
35.71674682851676 436095.8197442765 338076.4008705935 468745.27459926554
44.96472020903849 254844.88577463216 199709.361666255 303570.33764693124
56.60722890537329 149588.84666602948 112853.12781140098 173732.77654850183
71.26427896022375 77599.67494105399 62768.52092926523 106318.26357485846
89.71641173621408 40741.29622916134 29835.854349938785 58358.12412819732
112.94627058970838 21893.568337524957 12215.459578391732 30474.04957820985
142.1909302127641 10663.08985132159 4208.366127988254 16212.964181066869
179.00777537149975 4624.588848451032 1183.2739003237332 6982.247279229624
225.35743732392314 1449.7205271756948 139.03173445987397 2606.951098234381
283.7082045838981 401.3919311075379 2.977211674440019 880.8293396807535
357.1674682851676 40.85622751168377 0.0 204.38771902149276
449.6472020903849 0.22257195264160026 0.0 20.35197934954793
566.0722890537331 0.0 0.0 0.20525240705853323
712.6427896022379 0.0 0.0 0.0
897.164117362141 0.0 0.0 0.0
1129.4627058970837 0.0 0.0 0.0
1421.9093021276408 0.0 0.0 0.0
1790.0777537149975 0.0 0.0 0.0
2253.5743732392316 0.0 0.0 0.0
2837.082045838981 0.0 0.0 0.0
3571.674682851676 0.0 0.0 0.0
4496.47202090385 0.0 0.0 0.0
5660.72289053733 0.0 0.0 0.0
7126.427896022379 0.0 0.0 0.0
8971.64117362141 0.0 0.0 0.0
11294.627058970844 0.0 0.0 0.0
14219.093021276414 0.0 0.0 0.0
17900.777537149967 0.0 0.0 0.0
22535.743732392308 0.0 0.0 0.0
28370.820458389808 0.0 0.0 0.0
35716.746828516785 0.0 0.0 1.6342491004673405e-06
44964.72020903851 0.0 0.0 0.0
56607.22890537334 0.0 0.0 0.0
71264.27896022382 0.0 0.0 0.0
