1.1294627058970836 0.0 0.0 10111205.390005108
1.4219093021276406 0.0 0.0 14076686.272371762
1.7900777537149968 0.0 0.0 7055055.4514890015
2.25357437323923 0.0 0.0 4808829.06575354
2.83708204583898 1772149.8062142916 0.0 3544299.612428583
3.5716746828516763 888178.8589496469 888178.858949647 2664536.5768489405
4.496472020903848 890287.810566402 445143.905283201 1780575.621132804
5.660722890537329 669301.3273647844 446200.88490985625 1418918.8140133428
7.126427896022374 559075.4678750293 335445.2807250176 822959.0887120431
8.971641173621407 448322.3794130544 224161.18970652716 580577.4813399054
11.294627058970837 224693.45311122484 112346.72655561243 280866.81638903107
14.219093021276407 119651.83331515973 79392.51057617657 173987.8423265146
17.90077753714997 70550.5545148901 46845.56819788703 94255.54083189316
22.535743732392305 31823.133523368964 21215.422348912645 45966.748422644065
28.3708204583898 15949.348255928646 10632.898837285764 24951.869271497257
35.71674682851676 8437.699160021644 5897.507623425654 11866.06955556728
44.96472020903849 3783.723194907203 1620.323815230849 5947.122574583556
56.60722890537329 1227.052433502106 446.20088490985677 2231.0044245492836
71.26427896022375 279.53773393751436 0.0 782.7056550250402
89.71641173621408 28.020148713315916 0.0 112.08059485326366
112.94627058970838 0.0 0.0 0.0
142.1909302127641 0.0 0.0 0.0
179.00777537149975 0.0 0.0 0.0
225.35743732392314 0.0 0.0 0.0
283.7082045838981 0.0 0.0 0.0
357.1674682851676 0.0 0.0 0.0
449.6472020903849 0.0 0.0 0.0
566.0722890537331 0.0 0.0 0.0
712.6427896022379 0.0 0.0 0.0
897.164117362141 0.0 0.0 0.0
1129.4627058970837 0.0 0.0 0.0
1421.9093021276408 0.0 0.0 0.0
1790.0777537149975 0.0 0.0 0.0
2253.5743732392316 0.0 0.0 0.0
2837.082045838981 0.0 0.0 0.0
3571.674682851676 0.0 0.0 0.0
4496.47202090385 0.0 0.0 0.0
5660.72289053733 0.0 0.0 0.0
7126.427896022379 0.0 0.0 0.0
8971.64117362141 0.0 0.0 0.0
11294.627058970844 0.0 0.0 0.0
14219.093021276414 0.0 0.0 0.0
17900.777537149967 0.0 0.0 0.0
22535.743732392308 0.0 0.0 0.0
28370.820458389808 0.0 0.0 0.0
35716.746828516785 0.0 0.0 0.0
44964.72020903851 0.0 0.0 0.0
56607.22890537334 0.0 0.0 0.0
71264.27896022382 0.0 0.0 0.0
