1.1294627058970836 28086681.638903122 0.0 56173363.277806245
1.4219093021276406 14076686.272371762 0.0 28153372.544743523
1.7900777537149968 7055055.4514890015 0.0 16649930.86551404
2.25357437323923 14143614.899275124 7071807.449637562 21215422.348912686
2.83708204583898 12405048.643500041 6450625.29462002 17225296.116402913
3.5716746828516763 11546325.16634541 8881788.58949647 12754248.41451693
4.496472020903848 10683453.726796824 8066007.5637316005 12980396.278058138
5.660722890537329 9370218.583106982 7870983.609809864 12939825.662385833
7.126427896022374 8330224.471337937 5581809.4712642925 10702940.756999562
8.971641173621407 5772150.6349430755 4877747.488014031 8634689.027495427
11.294627058970837 4437695.69894669 3596218.7170451535 5940894.900260785
14.219093021276407 2927950.744653321 2393036.6663031946 4142487.236233554
17.90077753714997 1908392.4996277774 1474506.5893612031 2321113.243539884
22.535743732392305 1101434.0102810482 802650.1455338617 1692849.2672942365
28.3708204583898 710632.0722919318 508606.9943835024 989781.1097668074
35.71674682851676 416555.8848473843 287769.95029968553 579092.6160351696
44.96472020903849 252619.16624821618 176134.5404424567 336867.1017621146
56.60722890537329 154943.25728494776 104187.90662645156 187573.9279984056
71.26427896022375 91073.39371684218 57911.27326436697 108366.71608915256
89.71641173621408 49035.26024830285 32216.446184622102 69770.17029615663
112.94627058970838 25278.01347501278 17498.002661036626 36560.99522299293
142.1909302127641 13520.657164613052 9234.869262126755 20510.85803374741
179.00777537149975 6462.430793563914 3464.0322266810936 10018.743145550485
225.35743732392314 2722.6458681104514 951.1581019762486 5024.519192967469
283.7082045838981 627.3410313998606 64.15182298495749 1614.782903422466
357.1674682851676 29.309902345338354 2.344792187627068 263.78912110804515
449.6472020903849 0.0 0.0 25.551260163255705
566.0722890537331 0.0 0.0 0.6693013273647823
712.6427896022379 0.0 0.0 0.0
897.164117362141 0.0 0.0 0.0
1129.4627058970837 0.0 0.0 0.0
1421.9093021276408 0.0 0.0 0.0
1790.0777537149975 0.0 0.0 0.0
2253.5743732392316 0.0 0.0 0.0
2837.082045838981 0.0 0.0 0.0
3571.674682851676 0.0 0.0 0.0
4496.47202090385 0.0 0.0 0.0
5660.72289053733 0.0 0.0 0.0
7126.427896022379 0.0 0.0 0.0
8971.64117362141 0.0 0.0 0.0
11294.627058970844 0.0 0.0 0.0
14219.093021276414 0.0 0.0 0.0
17900.777537149967 0.0 0.0 0.0
22535.743732392308 0.0 0.0 0.0
28370.820458389808 0.0 0.0 0.0
35716.746828516785 0.0 0.0 0.0
44964.72020903851 0.0 0.0 0.0
56607.22890537334 0.0 0.0 0.0
71264.27896022382 0.0 0.0 0.0
