1.1294627058970836 0.0 0.0 28086681.638903122
1.4219093021276406 0.0 0.0 14076686.272371762
1.7900777537149968 0.0 0.0 7055055.4514890015
2.25357437323923 3535903.724818781 0.0 3535903.724818781
2.83708204583898 1772149.8062142916 0.0 5316449.418642875
3.5716746828516763 1776357.7178992939 888178.858949647 3552715.4357985873
4.496472020903848 1558003.6684912036 730036.0046644495 2670863.431699206
5.660722890537329 892401.7698197125 446200.88490985625 1865119.698923199
7.126427896022374 670890.5614500352 407006.94061302126 1046589.2758620548
8.971641173621407 476342.5281263703 203986.68263293972 728523.8665462134
11.294627058970837 252780.13475012794 140433.40819451553 357262.5904468475
14.219093021276407 126690.1764513456 79392.51057617657 182996.92154083253
17.90077753714997 56440.44361191208 35275.27725744505 89740.3053429402
22.535743732392305 22983.374211322032 14143.614899275097 36631.9625891225
28.3708204583898 12405.048643500057 6450.625294620029 17721.49806214294
35.71674682851676 5329.07315369788 1456.6133286774202 9769.967448446114
44.96472020903849 1558.003668491201 445.1439052832003 4896.582958115204
56.60722890537329 446.20088490985677 0.0 1659.8672918646666
71.26427896022375 111.81509357500575 0.0 527.767241674027
89.71641173621408 0.0 0.0 56.04029742663183
112.94627058970838 0.0 0.0 0.0
142.1909302127641 0.0 0.0 0.0
179.00777537149975 0.0 0.0 0.0
225.35743732392314 0.0 0.0 0.0
283.7082045838981 0.0 0.0 0.0
357.1674682851676 0.0 0.0 0.0
449.6472020903849 0.0 0.0 0.0
566.0722890537331 0.0 0.0 0.0
712.6427896022379 0.0 0.0 0.0
897.164117362141 0.0 0.0 0.0
1129.4627058970837 0.0 0.0 0.0
1421.9093021276408 0.0 0.0 0.0
1790.0777537149975 0.0 0.0 0.0
2253.5743732392316 0.0 0.0 0.0
2837.082045838981 0.0 0.0 0.0
3571.674682851676 0.0 0.0 0.0
4496.47202090385 0.0 0.0 0.0
5660.72289053733 0.0 0.0 0.0
7126.427896022379 0.0 0.0 0.0
8971.64117362141 0.0 0.0 0.0
11294.627058970844 0.0 0.0 0.0
14219.093021276414 0.0 0.0 0.0
17900.777537149967 0.0 0.0 0.0
22535.743732392308 0.0 0.0 0.0
28370.820458389808 0.0 0.0 0.0
35716.746828516785 0.0 0.0 0.0
44964.72020903851 0.0 0.0 0.0
56607.22890537334 0.0 0.0 0.0
71264.27896022382 0.0 0.0 0.0
