1.1294627058970836 14043340.819451561 0.0 28086681.638903122
1.4219093021276406 0.0 0.0 19144293.330425587
1.7900777537149968 7055055.4514890015 0.0 14110110.902978003
2.25357437323923 7071807.449637562 2262978.3838840188 10607711.174456343
2.83708204583898 7088599.224857166 3544299.612428583 9498722.961308602
3.5716746828516763 4440894.294748235 1776357.717899294 7425175.260819048
4.496472020903848 3783723.1949072084 3116007.336982407 5341726.863398412
5.660722890537329 3346506.636823922 2150688.265265507 4765425.450837265
7.126427896022374 2292209.41828762 1484904.4426760778 2947445.8666371545
8.971641173621407 1653188.774085638 1176846.2459592677 2021933.931152875
11.294627058970837 1053250.5614588663 794291.3567481798 1404334.0819451553
14.219093021276407 626412.5391205421 464530.6469882672 675680.9410738432
17.90077753714997 352752.7725744505 307882.6199029804 444468.4934438077
22.535743732392305 208618.31976430767 159115.66761684482 258403.844209756
28.3708204583898 108101.13817907193 86835.3405045004 140637.80862116636
35.71674682851676 63504.78841489974 48139.29415507085 82351.94380181124
44.96472020903849 32495.505085673623 27153.778222275214 42003.77890252278
56.60722890537329 18517.336723759054 15536.714812561211 23363.078333880097
71.26427896022375 10342.896155688031 8256.426509578425 12603.797347774647
89.71641173621408 4707.384983837073 3658.310616010526 6653.10411048973
112.94627058970838 1572.8541717785731 926.860494083802 3138.967539963809
142.1909302127641 337.84047053692166 107.54588312092007 875.0068186906271
179.00777537149975 35.27527725744495 0.0 101.3105962833819
225.35743732392314 0.0 0.0 3.535903724818768
283.7082045838981 0.0 0.0 0.0
357.1674682851676 0.0 0.0 0.0
449.6472020903849 0.0 0.0 0.0
566.0722890537331 0.0 0.0 0.0
712.6427896022379 0.0 0.0 0.0
897.164117362141 0.0 0.0 0.0
1129.4627058970837 0.0 0.0 0.0
1421.9093021276408 0.0 0.0 0.0
1790.0777537149975 0.0 0.0 0.0
2253.5743732392316 0.0 0.0 0.0
2837.082045838981 0.0 0.0 0.0
3571.674682851676 0.0 0.0 0.0
4496.47202090385 0.0 0.0 0.0
5660.72289053733 0.0 0.0 0.0
7126.427896022379 0.0 0.0 0.0
8971.64117362141 0.0 0.0 0.0
11294.627058970844 0.0 0.0 0.0
14219.093021276414 0.0 0.0 0.0
17900.777537149967 0.0 0.0 0.0
22535.743732392308 0.0 0.0 0.0
28370.820458389808 0.0 0.0 0.0
35716.746828516785 0.0 0.0 0.0
44964.72020903851 0.0 0.0 0.0
56607.22890537334 0.0 0.0 0.0
71264.27896022382 0.0 0.0 0.0
