1.1294627058970836 0.0 0.0 28086681.638903122
1.4219093021276406 14076686.272371762 0.0 14076686.272371762
1.7900777537149968 7055055.4514890015 0.0 14110110.902978003
2.25357437323923 7071807.449637562 2262978.3838840188 17679518.624093905
2.83708204583898 7088599.224857166 1772149.8062142916 9498722.961308602
3.5716746828516763 5329073.153697881 2664536.5768489405 10658146.307395762
4.496472020903848 4896582.958115211 2510611.6257972536 7727698.195716369
5.660722890537329 3792707.5217337785 2150688.265265507 6327128.548021762
7.126427896022374 3019007.5265251584 2348116.965075123 5112186.078249267
8.971641173621407 2129531.3022120083 1360658.42151862 3234645.9674651874
11.294627058970837 1446464.1044035098 1039207.2206394149 2116612.3283077376
14.219093021276407 788294.431252817 591220.8234396128 1280415.3833349328
17.90077753714997 440940.9657180632 359807.8280259395 784239.9639875183
22.535743732392305 251049.16446213296 198010.60858985136 360096.43533554394
28.3708204583898 129366.93585364346 104273.29459764904 183523.83393155228
35.71674682851676 70166.12985702208 57731.625831727026 92228.4927133313
44.96472020903849 31827.78922774882 25177.339282817808 46010.074050071584
56.60722890537329 15728.58119307245 9513.002866278146 21373.02238718214
71.26427896022375 7156.165988800368 1413.3427827880726 8873.645826112457
89.71641173621408 2045.470856072062 484.188169766099 3676.2435111870473
112.94627058970838 421.30022458354637 56.17336327780618 1395.3463438207054
142.1909302127641 14.076686272371736 0.0 471.8505238499005
179.00777537149975 0.0 0.0 42.33033270893394
225.35743732392314 0.0 0.0 8.34473279057229
283.7082045838981 0.0 0.0 0.0
357.1674682851676 0.0 0.0 0.0
449.6472020903849 0.0 0.0 0.0
566.0722890537331 0.0 0.0 0.0
712.6427896022379 0.0 0.0 0.0
897.164117362141 0.0 0.0 0.0
1129.4627058970837 0.0 0.0 0.0
1421.9093021276408 0.0 0.0 0.0
1790.0777537149975 0.0 0.0 0.0
2253.5743732392316 0.0 0.0 0.0
2837.082045838981 0.0 0.0 0.0
3571.674682851676 0.0 0.0 0.0
4496.47202090385 0.0 0.0 0.0
5660.72289053733 0.0 0.0 0.0
7126.427896022379 0.0 0.0 0.0
8971.64117362141 0.0 0.0 0.0
11294.627058970844 0.0 0.0 0.0
14219.093021276414 0.0 0.0 0.0
17900.777537149967 0.0 0.0 0.0
22535.743732392308 0.0 0.0 0.0
28370.820458389808 0.0 0.0 0.0
35716.746828516785 0.0 0.0 0.0
44964.72020903851 0.0 0.0 0.0
56607.22890537334 0.0 0.0 0.0
71264.27896022382 0.0 0.0 0.0
