0.5660722890537327 30136139.033853102
0.7126427896022374 20596156.57443231
0.8971641173621409 22709567.62116652
1.1294627058970836 21383885.246099524
1.4219093021276406 13828813.27831698
1.7900777537149968 12128943.174788602
2.25357437323923 6947281.687536783
2.8370820458389803 5048738.890798658
3.5716746828516763 2737591.521441533
4.496472020903847 1776553.4839268818
5.660722890537327 1153392.2302956493
7.126427896022376 687911.6295860381
8.971641173621409 412901.22947575577
11.294627058970837 242810.56795571043
14.219093021276404 142436.7767666651
17.900777537149963 78491.58940256052
22.535743732392305 41596.84910412644
28.3708204583898 19781.48125748269
35.71674682851676 9837.878694582718
44.964720209038475 5203.93512830274
56.607228905373276 2717.7318110529327
71.26427896022375 1388.180953116736
89.71641173621413 644.1259179821751
112.94627058970849 277.99050819929244
142.19093021276416 127.05222199453742
179.00777537149975 78.57822471095177
225.35743732392314 74.07539099336074
283.70820458389824 74.31656600033342
357.16746828516796 194.52169237015778
449.6472020903851 85.08324608406741
566.0722890537331 29.59368853124365
712.6427896022379 44.152667387162886
