0.5660722890537327 25399572.25029763
0.7126427896022374 16201743.5381998
0.8971641173621409 14500191.11401586
1.1294627058970836 19185700.17276099
1.4219093021276406 19959712.65584856
1.7900777537149968 14384671.346613562
2.25357437323923 13796695.136270158
2.8370820458389803 9739311.102912396
3.5716746828516763 6912761.259145453
4.496472020903847 5196881.538295347
5.660722890537327 3128765.490832113
7.126427896022376 2017117.070505872
8.971641173621409 1234836.275269593
11.294627058970837 750858.5385794179
14.219093021276404 478596.02974060306
17.900777537149963 292731.71283539984
22.535743732392305 186639.64242699664
28.3708204583898 108893.20154047258
35.71674682851676 63704.03660356114
44.964720209038475 33457.22848501843
56.607228905373276 16798.35346553774
71.26427896022375 8714.22348876031
89.71641173621413 4488.099153610171
112.94627058970849 2029.6145243366147
142.19093021276416 991.8665967957459
179.00777537149975 422.9969599539709
225.35743732392314 211.08577598410096
283.70820458389824 117.31192808705735
357.16746828516796 59.68691337185012
449.6472020903851 37.06003111174447
566.0722890537331 40.75476820161379
712.6427896022379 28.585661938362286
