0.5660722890537327 13698245.015387774
0.7126427896022374 10984616.83969723
0.8971641173621409 17204217.894823123
1.1294627058970836 12071548.122798119
1.4219093021276406 8988728.630906036
1.7900777537149968 7883813.0636125915
2.25357437323923 5905189.434406266
2.8370820458389803 3786554.168098994
3.5716746828516763 2759404.9997000312
4.496472020903847 1377512.2398448437
5.660722890537327 1019149.4291448492
7.126427896022376 506665.45173103403
8.971641173621409 343396.1891806702
11.294627058970837 213493.95108605787
14.219093021276404 132583.74730586424
17.900777537149963 68441.89362916425
22.535743732392305 38817.93642911174
28.3708204583898 22915.181258668064
35.71674682851676 10710.41782492265
44.964720209038475 4580.774829325311
56.607228905373276 1964.3283352066055
71.26427896022375 987.2424384677875
89.71641173621413 669.5881604665132
112.94627058970849 351.454501060892
142.19093021276416 139.84387427698064
179.00777537149975 141.82199983663511
225.35743732392314 54.232217673333864
283.70820458389824 32.29451945666026
357.16746828516796 48.90581825555298
449.6472020903851 124.29314805393672
566.0722890537331 32.16073964712731
712.6427896022379 27.652399816832734
