0.5660722890537327 10958596.012310218
0.7126427896022374 6865385.52481077
0.8971641173621409 8258024.589515098
1.1294627058970836 4483717.874182158
1.4219093021276406 5185804.979368867
1.7900777537149968 2599059.2517404146
2.25357437323923 1736820.4218841956
2.8370820458389803 1001043.0559342167
3.5716746828516763 447176.30429921456
4.496472020903847 333445.4231370455
5.660722890537327 150680.69516926532
7.126427896022376 65907.70103818328
8.971641173621409 44730.96652654021
11.294627058970837 23798.194870659117
14.219093021276404 12273.071784506337
17.900777537149963 6497.648129351037
22.535743732392305 3126.276759391549
28.3708204583898 3351.3180568232497
35.71674682851676 839.8189129521833
44.964720209038475 278.7822390162182
56.607228905373276 73.97052308309394
71.26427896022375 38.446158938940265
89.71641173621413 72.94588387404974
112.94627058970849 130.02781835128195
142.19093021276416 34.39917302981353
179.00777537149975 17.500332295052104
225.35743732392314 29.048321556013097
283.70820458389824 17.10477917313677
357.16746828516796 32.338481518223595
449.6472020903851 10.364139709308823
566.0722890537331 9.629866245817574
712.6427896022379 8.32222033317559
