0.5660722890537326 8218947.009232671 2739649.003077557 16437894.018465342
0.7126427896022373 8238462.629772927 4119231.3148864633 12357693.94465939
0.8971641173621405 7569855.873722189 4817181.010550484 11698868.168479748
1.1294627058970832 5518421.99899343 3793915.124307983 8967435.748364324
1.4219093021276399 4840084.64741095 3111482.987621325 6395826.141221613
1.790077753714996 3118871.102088503 1992612.093000988 4331765.419567365
2.253574373239229 1997343.4851668305 1432876.8480544654 2692071.653920511
2.8370820458389785 1088090.2781893674 783425.0002963445 1827991.6673581372
3.5716746828516737 654404.3477549513 512616.7390747118 948886.3042446794
4.496472020903845 355310.69678537647 278782.23901621846 513833.93073577515
5.660722890537325 210952.97323697174 145201.3971631104 282183.84731698816
7.12642789602237 108473.09129201049 74146.16366795654 155157.71286072387
8.9716411736214 57118.00341081308 35784.77322123229 98408.12635838879
11.294627058970825 35524.84161852024 19314.47699647702 61047.54336386487
14.219093021276393 21953.24107932823 11581.631120590482 57389.57510501552
17.90077753714995 12908.660950310794 7104.095288090504 35433.84113206117
22.535743732392273 10116.97895747549 4776.256160181561 30264.09585133226
28.370820458389765 9118.196531226908 4178.266668247175 27637.49306600996
35.716746828516726 7351.142173113939 2868.472390992531 29077.36651857828
44.96472020903842 6581.447368147627 1940.543036289375 29239.337186230612
56.60722890537319 6608.033395423085 1550.6413357419012 22785.6607585961
71.26427896022365 6460.327778846952 1396.4194157465145 19641.867986483667
89.71641173621398 5908.616593798075 1485.0680886811374 20058.74172793225
112.94627058970826 3980.85166952389 759.4728276114716 16702.538884078447
142.19093021276385 3545.8805847264803 305.2710531188497 13127.001004442496
179.00777537149938 2551.236561508402 192.24374932040016 7856.176400235785
225.35743732392268 1244.605514322219 134.42990065383722 7094.433797780946
283.7082045838975 488.3784404625192 91.48663059016268 4708.253680947682
357.16746828516693 213.09586910727083 50.85812455968901 2385.4238216972212
449.647202090384 111.80807680074017 53.28020556257037 996.0616084128909
566.0722890537319 99.62459634791259 30.960773383779564 474.14831331363115
712.6427896022365 104.17124072216406 22.161464474089232 227.26348395070664
