0.5660722890537327 19177543.02154288
0.7126427896022374 9611539.734735077
0.8971641173621409 11010699.452686798
1.1294627058970836 6208224.748867604
1.4219093021276406 4148643.983495094
1.7900777537149968 3811953.569219275
2.25357437323923 2518389.611732084
2.8370820458389803 1871515.2784857096
3.5716746828516763 818005.4346936853
4.496472020903847 541165.5227961886
5.660722890537327 317799.28435699595
7.126427896022376 211453.87416417137
8.971641173621409 98408.12635838846
11.294627058970837 90019.25885858014
14.219093021276404 49265.14730400431
17.900777537149963 21485.556481054093
22.535743732392305 8770.94313051518
28.3708204583898 4461.170140576404
35.71674682851676 2235.8815214960723
44.964720209038475 1273.6521900152716
56.607228905373276 764.3620718586374
71.26427896022375 336.4038907157273
89.71641173621413 280.7728360435122
112.94627058970849 206.59592358731533
142.19093021276416 165.08145850990917
179.00777537149975 268.91599724674126
225.35743732392314 65.21760684175138
283.70820458389824 73.70723544454738
357.16746828516796 61.841210862842416
449.6472020903851 39.297363064462616
566.0722890537331 34.77162514706021
712.6427896022379 22.28504141353569
