0.5660722890537327 5479298.006155109
0.7126427896022374 10984616.83969723
0.8971641173621409 5505349.726343399
1.1294627058970836 7587830.24861596
1.4219093021276406 3802923.6515371692
1.7900777537149968 3378777.027262539
2.25357437323923 2388128.080090769
2.8370820458389803 1327470.1393910267
3.5716746828516763 894352.6085984291
4.496472020903847 486502.3386753615
5.660722890537327 364373.31740931433
7.126427896022376 194976.94890462555
8.971641173621409 102537.13865314602
11.294627058970837 59667.93786411634
14.219093021276404 37164.935685476936
17.900777537149963 16893.885136312696
22.535743732392305 8293.317514497026
28.3708204583898 3982.4104181730827
35.71674682851676 1766.8917389383596
44.964720209038475 579.4297516807673
56.607228905373276 205.4736752308165
71.26427896022375 167.51540680538258
89.71641173621413 105.28981351631708
112.94627058970849 63.11695161348699
142.19093021276416 70.0083672214798
179.00777537149975 129.51978604506385
225.35743732392314 137.4259158815866
283.70820458389824 35.77640834686622
357.16746828516796 55.820690863496914
449.6472020903851 98.39373141748882
566.0722890537331 14.191381835941687
712.6427896022379 8.784947317547834
