0.5660722890537327 8218947.009232664
0.7126427896022374 10984616.83969723
0.8971641173621409 7569855.873722173
1.1294627058970836 4138816.499245069
1.4219093021276406 3111482.9876213204
1.7900777537149968 2945600.4853058034
2.25357437323923 1693399.9113370907
2.8370820458389803 892234.0281152802
3.5716746828516763 599870.6521087025
4.496472020903847 399041.24408203806
5.660722890537327 254787.3572862123
7.126427896022376 151038.4815458367
8.971641173621409 96343.62021100968
11.294627058970837 55874.022739808366
14.219093021276404 32324.851038065986
17.900777537149963 14554.731809746321
22.535743732392305 10334.081510210954
28.3708204583898 9314.05278130098
35.71674682851676 3337.462173550235
44.964720209038475 1044.0668167077977
56.607228905373276 682.1726017663108
71.26427896022375 363.86543281497035
89.71641173621413 319.31028412791585
112.94627058970849 1025.3917876879607
142.19093021276416 237.33700788911548
179.00777537149975 129.2598801198898
225.35743732392314 72.6859346558534
283.70820458389824 46.30912223973924
357.16746828516796 47.051672603580634
449.6472020903851 31.103351764750634
566.0722890537331 18.895359174225835
712.6427896022379 23.994522409213566
