0.5660722890537327 34635780.34131495
0.7126427896022374 20830813.120542597
0.8971641173621409 17980236.981379665
1.1294627058970836 15406698.623580795
1.4219093021276406 13986367.99241943
1.7900777537149968 10076571.806257216
2.25357437323923 7209413.63884674
2.8370820458389803 5795898.886102293
3.5716746828516763 3300108.101108002
4.496472020903847 2114688.4982957128
5.660722890537327 1304614.3928561949
7.126427896022376 828603.4552393599
8.971641173621409 493006.49787654023
11.294627058970837 282262.34648107423
14.219093021276404 170750.24257412078
17.900777537149963 108213.61896284923
22.535743732392305 80584.41031847973
28.3708204583898 37269.83081189831
35.71674682851676 18366.6183454423
44.964720209038475 10393.763076590687
56.607228905373276 6220.586149300161
71.26427896022375 6963.277919239148
89.71641173621413 1559.6405562235395
112.94627058970849 517.7232122376842
142.19093021276416 195.2263865608548
179.00777537149975 90.17801580237425
225.35743732392314 70.81327609730155
283.70820458389824 34.86710057746967
357.16746828516796 23.90969685510275
449.6472020903851 15.521537147621471
566.0722890537331 32.77699346299761
712.6427896022379 31.64200513010411
