0.5660722890537327 79449821.08924909
0.7126427896022374 43938467.35878892
0.8971641173621409 50236316.252883516
1.1294627058970836 35179940.24358308
1.4219093021276406 27484766.390654996
1.7900777537149968 19752850.31322715
2.25357437323923 11419594.273888586
2.8370820458389803 7638393.75288935
3.5716746828516763 4940752.825549859
4.496472020903847 2962744.5793488305
5.660722890537327 2117748.6793789472
7.126427896022376 1069627.0647655162
8.971641173621409 585631.5771397803
11.294627058970837 395946.7784277778
14.219093021276404 253413.00332515902
17.900777537149963 160708.49706594896
22.535743732392305 104426.32786578716
28.3708204583898 52728.854881056715
35.71674682851676 29088.27325770744
44.964720209038475 15267.42732494701
56.607228905373276 7246.371613140128
71.26427896022375 3467.0196900294345
89.71641173621413 1550.4441166814534
112.94627058970849 787.0649376064334
142.19093021276416 360.9320265640736
179.00777537149975 168.76558074634406
225.35743732392314 63.133422335490344
283.70820458389824 34.884174318750944
357.16746828516796 20.17746738911084
449.6472020903851 17.880327525922553
566.0722890537331 37.94413869262401
712.6427896022379 38.00952041956223
