0.5660722890537327 24656841.02769799
0.7126427896022374 16476925.259545848
0.8971641173621409 15139711.747444347
1.1294627058970836 15175660.49723192
1.4219093021276406 9680169.294821886
1.7900777537149968 8403624.913960675
2.25357437323923 5948609.94495337
2.8370820458389803 4200028.473810953
3.5716746828516763 2661244.3475367893
4.496472020903847 1732822.9366302202
5.660722890537327 1035587.3231633145
7.126427896022376 617884.6972329683
8.971641173621409 393632.50543355383
11.294627058970837 236257.44183190574
14.219093021276404 136040.95062544348
17.900777537149963 72513.75312355757
22.535743732392305 34692.987927136775
28.3708204583898 19193.91250726043
35.71674682851676 9554.303477222242
44.964720209038475 5843.494382516417
56.607228905373276 3076.625830456092
71.26427896022375 2446.8234010425554
89.71641173621413 1570.4010094394482
112.94627058970849 1322.69677288373
142.19093021276416 1456.8654788706958
179.00777537149975 601.9421227030793
225.35743732392314 294.21737946718196
283.70820458389824 157.44666325400067
357.16746828516796 100.50560107603049
449.6472020903851 96.08147872917783
566.0722890537331 92.67410682710414
712.6427896022379 99.50003241108217
