0.5660722890537327 5479298.006155109
0.7126427896022374 20596156.57443231
0.8971641173621409 11010699.452686798
1.1294627058970836 5863323.373930515
1.4219093021276406 6914406.63915849
1.7900777537149968 4245130.111176011
2.25357437323923 2214446.0379023496
2.8370820458389803 1066328.4726255788
3.5716746828516763 643497.6086256991
4.496472020903847 295181.19425246655
5.660722890537327 224651.21825235922
7.126427896022376 97488.47445231277
8.971641173621409 69505.04029508555
11.294627058970837 44147.37599194735
14.219093021276404 27311.906224676073
17.900777537149963 19319.673771270416
22.535743732392305 14372.188991091705
28.3708204583898 7050.825002667097
35.71674682851676 2704.871304053785
44.964720209038475 1191.6574138340309
56.607228905373276 441.08348949548605
71.26427896022375 297.95773177678706
89.71641173621413 211.95596446422
112.94627058970849 109.3337358550567
142.19093021276416 114.08770954611524
179.00777537149975 102.22966390178952
225.35743732392314 69.90702198083869
283.70820458389824 81.56324725307456
357.16746828516796 109.83086303153848
449.6472020903851 194.8141218882158
566.0722890537331 280.0524003925929
712.6427896022379 48.112621757873725
