0.5660722890537327 23090520.2275433
0.7126427896022374 37032556.6587424
0.8971641173621409 25520336.360667914
1.1294627058970836 16860160.75788087
1.4219093021276406 23893378.653716527
1.7900777537149968 20007106.33995998
2.25357437323923 16724375.801791677
2.8370820458389803 13205845.563271048
3.5716746828516763 9459084.22295302
4.496472020903847 6892318.06851936
5.660722890537327 4297145.814345803
7.126427896022376 2639726.9293309776
8.971641173621409 1664621.9398890242
11.294627058970837 998819.1786910103
14.219093021276404 579123.0496861178
17.900777537149963 341654.1991411414
22.535743732392305 196703.54471472686
28.3708204583898 115587.83158296417
35.71674682851676 67059.29971471551
44.964720209038475 36926.42334169963
56.607228905373276 19650.032713639335
71.26427896022375 10217.513835626132
89.71641173621413 4873.804237242991
112.94627058970849 2434.5490749526134
142.19093021276416 1120.0749700595907
179.00777537149975 791.5220172451311
225.35743732392314 382.8308430252566
283.70820458389824 153.51795467302534
357.16746828516796 61.74603374691472
449.6472020903851 126.04741312608365
566.0722890537331 80.95074581372104
712.6427896022379 117.15249298993122
