0.5660722890537327 10958596.012310218
0.7126427896022374 10984616.83969723
0.8971641173621409 9634362.021100948
1.1294627058970836 7587830.24861596
1.4219093021276406 5012944.813389905
1.7900777537149968 3898588.877610622
2.25357437323923 2084184.5062610349
2.8370820458389803 1327470.1393910267
3.5716746828516763 741658.2607889413
4.496472020903847 453704.42820286524
5.660722890537327 199994.37722466126
7.126427896022376 85130.78050765341
8.971641173621409 67440.53414770677
11.294627058970837 26902.307245092918
14.219093021276404 12273.071784506337
17.900777537149963 5631.295045437565
22.535743732392305 3734.163907051017
28.3708204583898 1958.5625007408603
35.71674682851676 1330.6221737683943
44.964720209038475 1984.2735835860237
56.607228905373276 786.2792638832577
71.26427896022375 749.7000993093351
89.71641173621413 752.8565750774568
112.94627058970849 861.2187332179071
142.19093021276416 907.688731555532
179.00777537149975 968.8426537404341
225.35743732392314 913.8280649743671
283.70820458389824 1070.680833738332
357.16746828516796 2168.107044546912
449.6472020903851 4809.9666277071165
566.0722890537331 1342.7184143023237
712.6427896022379 403.6750573191373
