0.5660722890537327 13698245.015387774
0.7126427896022374 26088464.994280923
0.8971641173621409 25462242.48433822
1.1294627058970836 27592109.994967125
1.4219093021276406 24719003.734991603
1.7900777537149968 22698450.798532955
2.25357437323923 18236614.429784056
2.8370820458389803 16299592.367276704
3.5716746828516763 11299381.737902105
4.496472020903847 8117482.841942829
5.660722890537327 5202593.45684427
7.126427896022376 3451915.8418748495
8.971641173621409 2081710.3652736018
11.294627058970837 1248887.878647198
14.219093021276404 778043.6070713102
17.900777537149963 426418.9879022107
22.535743732392305 245933.77173880185
28.3708204583898 143323.2514431034
35.71674682851676 83611.06216482386
44.964720209038475 46146.66003480224
56.607228905373276 26232.13920446757
71.26427896022375 13390.247927590908
89.71641173621413 7141.1267637831525
112.94627058970849 2619.8708440221158
142.19093021276416 919.7889431740593
179.00777537149975 764.4699612452464
225.35743732392314 450.31411488402364
283.70820458389824 157.29433061505415
357.16746828516796 86.23958629497267
449.6472020903851 130.5848805462439
566.0722890537331 108.7722843691878
712.6427896022379 152.14655476954093
