0.5660722890537327 2739649.0030775545
0.7126427896022374 8238462.629772924
0.8971641173621409 11010699.452686798
1.1294627058970836 5518421.998993426
1.4219093021276406 5358665.14534783
1.7900777537149968 2772329.8685231092
2.25357437323923 1997343.485166825
2.8370820458389803 1109852.0837531534
3.5716746828516763 599870.6521087025
4.496472020903847 491968.6570874442
5.660722890537327 273964.90030775516
7.126427896022376 182619.2549599662
8.971641173621409 138321.9118743782
11.294627058970837 90364.16023351724
14.219093021276404 44597.92282257233
17.900777537149963 20012.756238401194
22.535743732392305 10941.968657870422
28.3708204583898 7660.1555584531425
35.71674682851676 4264.534999536411
44.964720209038475 2082.6673150035126
56.607228905373276 1027.3683761540824
71.26427896022375 580.8116153989904
89.71641173621413 504.4276686762119
112.94627058970849 160.72404072068272
142.19093021276416 118.75493402754722
179.00777537149975 46.089984064196635
225.35743732392314 29.352265129842827
283.70820458389824 27.071686121351323
357.16746828516796 40.31130782170469
449.6472020903851 16.961986032692657
566.0722890537331 66.73511006596594
712.6427896022379 17.68797926612241
