0.5660722890537327 20781468.204788968
0.7126427896022374 27774417.4940568
0.8971641173621409 19140252.270500936
1.1294627058970836 13081159.208700676
1.4219093021276406 9907010.661297096
1.7900777537149968 6206584.0835642265
2.25357437323923 5269825.197938734
2.8370820458389803 3429851.55601623
3.5716746828516763 1930425.3516230653
4.496472020903847 1313041.87802675
5.660722890537327 745823.8033496477
7.126427896022376 438604.3429269796
8.971641173621409 302183.98281609116
11.294627058970837 192729.07900818973
14.219093021276404 111453.86993959249
17.900777537149963 62138.859471919495
22.535743732392305 30740.64698797592
28.3708204583898 18543.208145093107
35.71674682851676 9826.784289928839
44.964720209038475 5735.919782958957
56.607228905373276 2576.9020573938305
71.26427896022375 1178.098208706241
89.71641173621413 518.5268342372051
112.94627058970849 236.62363546405103
142.19093021276416 183.13400590074215
179.00777537149975 197.29635522106494
225.35743732392314 55.77231667818479
283.70820458389824 100.87798694165345
357.16746828516796 26.979992414350857
449.6472020903851 23.00357227013179
566.0722890537331 25.157121787908345
712.6427896022379 21.25668752211807
