0.5660722890537327 5479298.006155109
0.7126427896022374 10984616.83969723
0.8971641173621409 14451543.031651422
1.1294627058970836 10691942.623049762
1.4219093021276406 6050105.809263678
1.7900777537149968 4678306.653132747
2.25357437323923 1910502.4640726151
2.8370820458389803 1697420.833975411
3.5716746828516763 937979.5651154257
4.496472020903847 508367.61232369236
5.660722890537327 364373.31740931433
7.126427896022376 192230.79469470127
8.971641173621409 117676.8504005904
11.294627058970837 65186.359863109756
14.219093021276404 39412.11784320345
17.900777537149963 20965.744630706013
22.535743732392305 9813.035383645696
28.3708204583898 4961.691668543513
35.71674682851676 3097.513912706754
44.964720209038475 1011.2689062353014
56.607228905373276 520.5333105847351
71.26427896022375 355.6269701851974
89.71641173621413 193.37540913781112
112.94627058970849 279.0252123241037
142.19093021276416 489.1942697204638
179.00777537149975 139.91602305202548
225.35743732392314 161.6979812774182
283.70820458389824 266.08159662842655
357.16746828516796 94.354200207134
449.6472020903851 18.45975727760332
566.0722890537331 38.06468324875942
712.6427896022379 16.231144457757573
