0.5660722890537327 13698245.015387774
0.7126427896022374 10984616.83969723
0.8971641173621409 6881687.157929248
1.1294627058970836 4828619.249119247
1.4219093021276406 2247182.157726509
1.7900777537149968 2339153.3265663735
2.25357437323923 1780240.9324313006
2.8370820458389803 783425.0002963436
3.5716746828516763 447176.30429921456
4.496472020903847 284248.5574283011
5.660722890537327 134242.80115080002
7.126427896022376 97488.47445231277
8.971641173621409 48171.81010550484
11.294627058970837 20694.08249622532
14.219093021276404 11927.351452548412
17.900777537149963 6844.189362916425
22.535743732392305 3213.117780485759
28.3708204583898 1283.9465282634528
35.71674682851676 654.404347754948
44.964720209038475 1087.7973640044593
56.607228905373276 1183.528369329503
71.26427896022375 124.95001655155585
89.71641173621413 88.08559562149402
112.94627058970849 60.35774061399029
142.19093021276416 54.278092117394216
179.00777537149975 31.102075712493594
225.35743732392314 53.23354593075045
283.70820458389824 33.20851529033933
357.16746828516796 34.56345630059041
449.6472020903851 71.14960045166859
566.0722890537331 21.00762855559862
712.6427896022379 20.053791117972196
