0.5660722890537327 19177543.02154288
0.7126427896022374 2746154.2099243077
0.8971641173621409 4129012.294757549
1.1294627058970836 5863323.373930515
1.4219093021276406 2592902.4896844337
1.7900777537149968 1819341.4762182904
2.25357437323923 1172353.7847718322
2.8370820458389803 696377.7780411943
3.5716746828516763 370829.13039447065
4.496472020903847 300647.5126645492
5.660722890537327 180816.8342031184
7.126427896022376 87876.93471757772
8.971641173621409 56429.834695019956
11.294627058970837 31041.12374433798
14.219093021276404 22471.821577265124
17.900777537149963 8316.989605569326
22.535743732392305 4124.948501974961
28.3708204583898 1566.8500005926883
35.71674682851676 599.8706521087023
44.964720209038475 278.7822390162182
56.607228905373276 164.3789401846532
71.26427896022375 146.9192502309503
89.71641173621413 313.8049344015725
112.94627058970849 47.941291116255144
142.19093021276416 42.00502033288788
179.00777537149975 35.3472058236696
225.35743732392314 30.654880446255973
283.70820458389824 42.587853488331625
357.16746828516796 150.87292237490286
449.6472020903851 25.664364944728334
566.0722890537331 32.977155050044416
712.6427896022379 48.509441041207786
