0.5660722890537327 8218947.009232664
0.7126427896022374 28834619.204205234
0.8971641173621409 24774073.768545296
1.1294627058970836 17589970.12179154
1.4219093021276406 15557414.938106602
1.7900777537149968 11955672.558005909
2.25357437323923 7902532.91957309
2.8370820458389803 4461170.140576401
3.5716746828516763 2770311.7388292807
4.496472020903847 1525102.8369710771
5.660722890537327 999971.8861233062
7.126427896022376 616511.6201280062
8.971641173621409 350966.04505439237
11.294627058970837 203146.90983794522
14.219093021276404 109420.48506468326
17.900777537149963 58132.29193059394
22.535743732392305 29612.788193125507
28.3708204583898 16234.306950585353
35.71674682851676 8834.458694691799
44.964720209038475 4045.0756249412057
56.607228905373276 1917.7543021542872
71.26427896022375 1169.8616934277536
89.71641173621413 434.2344596653338
112.94627058970849 230.73901983291145
142.19093021276416 143.64679792851783
179.00777537149975 119.03691372971085
225.35743732392314 124.05239863307834
283.70820458389824 83.93528405952738
357.16746828516796 102.64332194536331
449.6472020903851 217.16043155680993
566.0722890537331 272.3923417799881
712.6427896022379 39.436147531617905
