0.5660722890537327 38355086.04308576
0.7126427896022374 10984616.83969723
0.8971641173621409 15139711.747444347
1.1294627058970836 11036843.997986851
1.4219093021276406 13483092.946359055
1.7900777537149968 7277365.904873162
2.25357437323923 5688086.88167074
2.8370820458389803 3590697.918024908
3.5716746828516763 1854145.6519723532
4.496472020903847 1240854.279542776
5.660722890537327 731486.2838217062
7.126427896022376 363865.4328149702
8.971641173621409 252557.91869600394
11.294627058970837 147272.88709813685
14.219093021276404 87640.10415133399
17.900777537149963 50768.29071732943
22.535743732392305 31523.290657198122
28.3708204583898 16430.163200659437
35.71674682851676 9063.50021640603
44.964720209038475 4132.536719534529
56.607228905373276 1788.9907990096422
71.26427896022375 757.938561939108
89.71641173621413 538.147935750065
112.94627058970849 275.23129719979573
142.19093021276416 168.88438216144633
179.00777537149975 62.11751611659584
225.35743732392314 25.83520377552734
283.70820458389824 16.47368681178694
357.16746828516796 12.979019563806434
449.6472020903851 41.8009368971965
566.0722890537331 14.599589537400242
712.6427896022379 6.195323897589219
