0.5660722890537327 19177543.02154288
0.7126427896022374 9611539.734735077
0.8971641173621409 10322530.736893872
1.1294627058970836 8277632.998490138
1.4219093021276406 5704385.477305754
1.7900777537149968 4245130.111176011
2.25357437323923 1736820.4218841956
2.8370820458389803 1262184.7226996645
3.5716746828516763 883445.86946918
4.496472020903847 470103.3834391133
5.660722890537327 241089.11227082452
7.126427896022376 124950.01655155582
8.971641173621409 50236.31625288362
11.294627058970837 29661.518244589624
14.219093021276404 13483.092946359075
17.900777537149963 6324.377512568342
22.535743732392305 3082.856248844444
28.3708204583898 2459.084028707969
35.71674682851676 1516.0367389656296
44.964720209038475 1049.5331351198804
56.607228905373276 1169.8301243141152
71.26427896022375 800.5039521929348
89.71641173621413 898.0601741097634
112.94627058970849 790.1690499808672
