0.5660722890537327 16437894.018465327
0.7126427896022374 23342310.784356616
0.8971641173621409 25462242.48433822
1.1294627058970836 18279772.87166572
1.4219093021276406 11063050.622653583
1.7900777537149968 8576895.530743368
2.25357437323923 5080199.734011272
2.8370820458389803 3438365.2790783965
3.5716746828516763 2279508.4780130694
4.496472020903847 1333781.692548182
5.660722890537327 871208.3829786613
7.126427896022376 512157.76015088265
8.971641173621409 281461.00475930684
11.294627058970837 179003.813592349
14.219093021276404 98184.5742760507
17.900777537149963 58132.29193059394
22.535743732392305 34736.40843768388
28.3708204583898 17757.633340050466
35.71674682851676 7601.997173086646
44.964720209038475 4340.256819193672
56.607228905373276 2819.0988241668024
71.26427896022375 1493.9078901988216
89.71641173621413 739.7813694773912
112.94627058970849 304.54791406944815
142.19093021276416 123.24929834300025
179.00777537149975 78.83813063612583
225.35743732392314 34.69298792713671
283.70820458389824 25.417788898503495
357.16746828516796 28.72835086644214
449.6472020903851 125.92211094073735
566.0722890537331 27.212933547569264
712.6427896022379 16.59500989057254
