0.5660722890537327 24656841.02769799
0.7126427896022374 19223079.469470154
0.8971641173621409 15827880.46323727
1.1294627058970836 22418589.37091079
1.4219093021276406 9853029.460800847
1.7900777537149968 9269977.997874146
2.25357437323923 5948609.94495337
2.8370820458389803 3743030.556971419
3.5716746828516763 2355855.6519178133
4.496472020903847 1601631.294740235
5.660722890537327 969835.7470894533
7.126427896022376 545111.6106699742
8.971641173621409 339955.3456017056
11.294627058970837 215908.2607106175
14.219093021276404 138806.71328110687
17.900777537149963 75372.71830047203
22.535743732392305 43333.66952601064
28.3708204583898 20499.62084108767
35.71674682851676 10110.547172813947
44.964720209038475 5745.100651098928
56.607228905373276 2934.1640822960594
71.26427896022375 1204.1886210518076
89.71641173621413 570.4918653923324
112.94627058970849 333.5196295641635
142.19093021276416 116.68061203579967
179.00777537149975 48.94894924111109
225.35743732392314 24.054962843096046
283.70820458389824 19.6073868129723
357.16746828516796 96.74277607643955
449.6472020903851 41.94306117591065
566.0722890537331 14.328364286095566
712.6427896022379 14.306090356600638
