0.5660722890537327 25399572.25029763
0.7126427896022374 18516278.3293712
0.8971641173621409 17980236.981379665
1.1294627058970836 14825313.769860765
1.4219093021276406 11072541.327332048
1.7900777537149968 8178087.263049334
2.25357437323923 7246009.6471657595
2.8370820458389803 4567021.590631237
3.5716746828516763 2849675.51906262
4.496472020903847 1994902.221703799
5.660722890537327 1200707.05183225
7.126427896022376 761481.9462953893
8.971641173621409 404845.33590332366
11.294627058970837 228774.93993883152
14.219093021276404 147585.32058667607
17.900777537149963 80393.51854122605
22.535743732392305 43768.82594954666
28.3708204583898 23715.49765737427
35.71674682851676 15811.10287996034
44.964720209038475 8145.4668082501485
56.607228905373276 6971.028056695318
71.26427896022375 3837.498683762176
89.71641173621413 1672.1620392683021
112.94627058970849 506.6769000170036
142.19093021276416 209.3584458865286
179.00777537149975 155.60271390676886
225.35743732392314 208.92661149327884
283.70820458389824 75.25497825847347
357.16746828516796 45.576423301652994
449.6472020903851 55.51172487138353
566.0722890537331 41.53984588935026
712.6427896022379 49.18039251020534
