0.5660722890537327 13698245.015387774
0.7126427896022374 12357693.944659386
0.8971641173621409 14451543.031651422
1.1294627058970836 12071548.122798119
1.4219093021276406 7432987.137095377
1.7900777537149968 6844189.362916426
2.25357437323923 3994686.97033365
2.8370820458389803 2284989.584197669
3.5716746828516763 1428782.8259316368
4.496472020903847 781683.532927828
5.660722890537327 547929.8006155103
7.126427896022376 346015.43045046227
8.971641173621409 172730.3476640245
11.294627058970837 90019.25885858014
14.219093021276404 53413.791287499414
17.900777537149963 25037.60412509933
22.535743732392305 16630.055539541157
28.3708204583898 9705.765281449152
35.71674682851676 4788.058477740369
44.964720209038475 2394.247464492227
56.607228905373276 1424.6174816003277
71.26427896022375 812.8616461375941
89.71641173621413 443.1806529706418
112.94627058970849 156.93012559637475
142.19093021276416 98.87601493996654
179.00777537149975 72.16721188999209
225.35743732392314 38.60083387637614
283.70820458389824 25.069600009482897
357.16746828516796 22.12977369324643
449.6472020903851 52.5203873032907
566.0722890537331 15.109164251972665
712.6427896022379 10.764924502903254
