0.5660722890537327 24656841.02769799
0.7126427896022374 34326927.62405385
0.8971641173621409 28214917.347509917
1.1294627058970836 27247208.620030038
1.4219093021276406 21434660.58139132
1.7900777537149968 18106779.453791555
2.25357437323923 13851142.86452646
2.8370820458389803 8617675.00325978
3.5716746828516763 5736944.781985045
4.496472020903847 3738961.793864576
5.660722890537327 2183500.2554528085
7.126427896022376 1281080.9389296877
8.971641173621409 785200.5047197288
11.294627058970837 436300.23929541715
14.219093021276404 236299.84689324175
17.900777537149963 123108.77322410431
22.535743732392305 65000.50428901596
28.3708204583898 34078.98751289097
35.71674682851676 17701.637606771343
44.964720209038475 8472.793538728201
56.607228905373276 3983.449650474762
71.26427896022375 2236.742603983346
89.71641173621413 792.0821918776533
112.94627058970849 359.042331309508
142.19093021276416 102.50607842552475
179.00777537149975 41.0651361774985
225.35743732392314 22.839188547777113
283.70820458389824 17.061255562009194
357.16746828516796 44.32498782126836
449.6472020903851 74.50591995668736
566.0722890537331 27.415667573797002
712.6427896022379 22.407245275877322
