0.5660722890537326 19177543.0215429 5479298.006155114 23670567.386590093
0.7126427896022373 15103848.1545837 8732770.387559302 17850002.364508007
0.8971641173621405 12042952.52637621 7569855.873722188 16020567.703659326
1.1294627058970832 8794985.060895778 6332389.243844961 13175232.522596816
1.4219093021276399 7346557.054105907 5248034.6391213015 10219493.012676263
1.790077753714996 5328071.466067859 4134236.916435093 6868447.249266015
2.253574373239229 3343379.312127086 2537494.6363728167 4213526.343491071
2.8370820458389785 2197942.361942522 1835825.9173611007 2903024.8622092325
3.5716746828516737 1303355.3259452782 1033958.869452823 1601545.5737389508
4.496472020903845 759818.2592794973 668858.720902441 1014767.3500190352
5.660722890537325 478068.7510370334 356263.95636020525 591654.5987046288
7.12642789602237 270496.1896775451 211179.2587431799 395885.59090268944
8.9716411736214 146924.02082179027 120925.00673913342 203147.40490207254
11.294627058970825 82948.78067237005 64455.168948243314 112010.17052456923
14.219093021276393 46672.244814319856 37870.20516267109 60957.40893082131
17.90077753714995 26900.263255513433 19985.032939716068 49371.729546061186
22.535743732392273 15566.253031137181 11997.955474376084 41393.641114766244
28.370820458389765 10260.691323325744 7071.716336008343 29388.012705561017
35.716746828516726 9085.313694664557 4235.7412082352075 22278.105345404354
44.96472020903842 6873.895403194054 2670.84317614363 20672.522970814534
56.60722890537319 7569.650195503309 1965.9721246084598 20536.299341109298
71.26427896022365 7361.066359702128 1271.908783868546 15016.24583528715
89.71641173621398 4128.668210399668 1143.8465126423723 12711.797464629693
112.94627058970826 3149.9842573004407 954.0799794059751 15962.822007223374
142.19093021276385 2031.1069502528221 623.4305602130909 19192.60199898458
179.00777537149938 1900.9086190687517 192.9229701381883 14040.78343707023
225.35743732392268 1819.2759714131544 79.69053141731283 13966.181165170008
283.7082045838975 960.3049559188152 75.17485161177012 6274.938291818098
357.16746828516693 420.2966457151824 47.254101681819904 2680.71593076947
449.647202090384 155.207911833471 45.14610511265478 1136.0048260806211
566.0722890537319 105.30525855579391 42.879999922528945 509.88319905017363
712.6427896022365 91.69820830068781 30.05632828911645 211.26999167827583
