0.5660722890537327 11545260.11377165
0.7126427896022374 21988080.516128298
0.8971641173621409 16240214.047697764
1.1294627058970836 13081159.208700676
1.4219093021276406 10489775.994314572
1.7900777537149968 6717714.53750481
2.25357437323923 4757481.081472469
2.8370820458389803 3741656.2429267964
3.5716746828516763 2169430.3951573493
4.496472020903847 1575650.2536320998
5.660722890537327 1020600.9940574126
7.126427896022376 595992.7087266345
8.971641173621409 418765.5193727789
11.294627058970837 225286.63081651137
14.219093021276404 126023.00326502942
17.900777537149963 76669.56809108751
22.535743732392305 41353.48940049142
28.3708204583898 21074.32854472006
35.71674682851676 10644.916938950042
44.964720209038475 5910.992033362523
56.607228905373276 2925.5689128297345
71.26427896022375 2263.6150257656263
89.71641173621413 1161.1753044103855
112.94627058970849 663.650810521411
142.19093021276416 327.07704315605895
179.00777537149975 259.4352146929844
225.35743732392314 108.8731247490812
283.70820458389824 65.4973257033899
357.16746828516796 38.51658201571723
449.6472020903851 73.66856010402711
566.0722890537331 24.614494562561077
712.6427896022379 25.034008301309782
