0.5660722890537327 25399572.25029763
0.7126427896022374 20830813.120542597
0.8971641173621409 15080198.758576494
1.1294627058970836 11046312.22068057
1.4219093021276406 9032862.661770882
1.7900777537149968 6206584.0835642265
2.25357437323923 4354924.98996326
2.8370820458389803 2952973.7995647755
3.5716746828516763 1856885.338227901
4.496472020903847 1234720.0817935753
5.660722890537327 722733.2831221044
7.126427896022376 498782.2474974359
8.971641173621409 310884.0974845007
11.294627058970837 163078.45146846824
14.219093021276404 99944.25461249732
17.900777537149963 56881.51765995921
22.535743732392305 30521.070938061806
28.3708204583898 16672.380023629707
35.71674682851676 8953.496630861262
44.964720209038475 4183.3053517483795
56.607228905373276 2154.3455372297885
71.26427896022375 1332.014772319139
89.71641173621413 593.9278280300872
112.94627058970849 267.7277251380725
142.19093021276416 95.42782328161186
179.00777537149975 43.15401403984063
225.35743732392314 23.38484931585307
283.70820458389824 19.863792701420124
357.16746828516796 72.79542075953813
449.6472020903851 38.38228731873983
566.0722890537331 12.080960183050616
712.6427896022379 11.961515800773757
