0.5660722890537327 13698245.015387774
0.7126427896022374 13730771.04962154
0.8971641173621409 12387036.884272648
1.1294627058970836 11381745.37292394
1.4219093021276406 5877245.643284717
1.7900777537149968 3118871.1020884975
2.25357437323923 2952594.717203133
2.8370820458389803 1566850.0005926872
3.5716746828516763 927072.8259861766
4.496472020903847 481036.0202632788
5.660722890537327 290402.79432622046
7.126427896022376 145546.1731259881
8.971641173621409 100472.63250576724
11.294627058970837 57943.4309894309
14.219093021276404 31287.69004219221
17.900777537149963 13428.472800658808
22.535743732392305 6599.917603159937
28.3708204583898 3460.1270846421867
35.71674682851676 1723.2647824213632
44.964720209038475 759.8182592794967
56.607228905373276 408.20770145855545
71.26427896022375 208.70771995424712
89.71641173621413 159.65514206395792
112.94627058970849 169.0016737191728
142.19093021276416 117.19919253373655
179.00777537149975 121.20279643949453
225.35743732392314 127.3523574346583
283.70820458389824 143.84553477663366
357.16746828516796 244.20188910388745
449.6472020903851 52.1104134223845
566.0722890537331 45.64255239127191
712.6427896022379 19.5965564420198
