0.5660722890537327 2739649.0030775545
0.7126427896022374 4119231.314886462
0.8971641173621409 6193518.442136324
1.1294627058970836 4828619.249119247
1.4219093021276406 3284343.1536002825
1.7900777537149968 3205506.410479845
2.25357437323923 1649979.400789986
2.8370820458389803 1022804.8614980041
3.5716746828516763 479896.521686962
4.496472020903847 240518.0101316394
5.660722890537327 123284.20513848982
7.126427896022376 67280.77814314544
8.971641173621409 41978.2916633685
11.294627058970837 20349.18112128823
14.219093021276404 10544.470124716712
17.900777537149963 5717.930353828912
22.535743732392305 2214.446037902347
28.3708204583898 1240.4229171358782
35.71674682851676 458.0830434284636
44.964720209038475 229.58537330747382
56.607228905373276 68.49122507693883
71.26427896022375 41.192313148864564
89.71641173621413 39.22561680019656
112.94627058970849 22.073687995973593
142.19093021276416 13.828813278316998
179.00777537149975 19.75285031322713
225.35743732392314 32.218018825951745
283.70820458389824 28.790868760890515
357.16746828516796 22.76236456274288
449.6472020903851 30.99949171492106
566.0722890537331 25.158196795261105
712.6427896022379 29.29734618857739
