0.5660722890537327 10958596.012310218
0.7126427896022374 9611539.734735077
0.8971641173621409 4817181.010550474
1.1294627058970836 6208224.748867604
1.4219093021276406 4494364.315453018
1.7900777537149968 2165882.709783679
2.25357437323923 1476297.3586015664
2.8370820458389803 674615.972477407
3.5716746828516763 392642.6086529689
4.496472020903847 196787.4628349777
5.660722890537327 123284.20513848982
7.126427896022376 63161.546828258986
8.971641173621409 41978.2916633685
11.294627058970837 16555.265996980255
14.219093021276404 9334.448962863975
17.900777537149963 5111.483195089482
22.535743732392305 2084.1845062610328
28.3708204583898 1196.8993060083035
35.71674682851676 490.80326081621104
44.964720209038475 224.11905489539112
56.607228905373276 134.2428011508001
71.26427896022375 86.50385761261559
89.71641173621413 86.02108947411526
112.94627058970849 128.99311422647068
142.19093021276416 159.8956535305403
179.00777537149975 56.31295045437559
225.35743732392314 48.1967667072863
283.70820458389824 63.00042710716405
357.16746828516796 141.58038063678262
449.6472020903851 403.88986851355537
566.0722890537331 61.91332782054946
712.6427896022379 51.035902914338145
