0.5660722890537327 16437894.018465327
0.7126427896022374 12357693.944659386
0.8971641173621409 12387036.884272648
1.1294627058970836 12416449.497735208
1.4219093021276406 10717330.29069566
1.7900777537149968 8143718.988786633
2.25357437323923 5992030.455500475
2.8370820458389803 3655983.3347162697
3.5716746828516763 2748498.2605707822
4.496472020903847 1410310.1503173402
5.660722890537327 704089.7937909308
7.126427896022376 448996.21332262363
8.971641173621409 285590.0170540644
11.294627058970837 161068.9420956204
14.219093021276404 86430.08298948125
17.900777537149963 42191.395186586065
22.535743732392305 22491.824463400313
28.3708204583898 11925.46944895546
35.71674682851676 5998.706521087023
44.964720209038475 3585.904878326258
56.607228905373276 1865.7009710958137
71.26427896022375 1360.7194110174928
89.71641173621413 617.975506782044
112.94627058970849 427.6777049219883
142.19093021276416 464.8209863174301
179.00777537149975 490.529116111807
225.35743732392314 908.6610242192617
283.70820458389824 187.17328965413404
357.16746828516796 98.07339825020794
449.6472020903851 168.58672614704292
566.0722890537331 76.20607666960501
712.6427896022379 35.56132394141471
