0.5660722890537327 2739649.0030775545
0.7126427896022374 4119231.314886462
0.8971641173621409 6193518.442136324
1.1294627058970836 3793915.12430798
1.4219093021276406 2938622.8216423583
1.7900777537149968 1992612.0930009845
2.25357437323923 998671.7425834124
2.8370820458389803 718139.5836049815
3.5716746828516763 512616.7390747094
4.496472020903847 273315.92060413567
5.660722890537327 142461.74816003267
7.126427896022376 68653.85524810759
8.971641173621409 29591.25477909583
11.294627058970837 17934.87149672861
14.219093021276404 11581.631120590488
17.900777537149963 5544.659737046218
22.535743732392305 2648.651143373396
28.3708204583898 1305.7083338272403
35.71674682851676 719.8447825304428
44.964720209038475 300.6475126645491
56.607228905373276 202.73402622773892
71.26427896022375 495.68083489133693
89.71641173621413 77.7630648846002
112.94627058970849 35.86974299345709
142.19093021276416 24.200423237054746
179.00777537149975 22.178638948184847
225.35743732392314 43.02972595218083
283.70820458389824 307.6031216441326
357.16746828516796 70.6102291227587
449.6472020903851 96.57344738626527
566.0722890537331 361.90489365754075
712.6427896022379 362.80404421283396
