0.5660722890537327 10958596.012310218
0.7126427896022374 13730771.04962154
0.8971641173621409 17204217.894823123
1.1294627058970836 13451153.622546474
1.4219093021276406 8124427.801011225
1.7900777537149968 4678306.653132747
2.25357437323923 4124948.5019749645
2.8370820458389803 2241465.973070094
3.5716746828516763 1494223.2607071316
4.496472020903847 863678.3091090687
5.660722890537327 484917.87354472664
7.126427896022376 251273.11020807378
8.971641173621409 152773.45490602963
11.294627058970837 89674.35748364305
14.219093021276404 47536.54564421469
17.900777537149963 20532.568088749274
22.535743732392305 10464.34304185227
28.3708204583898 4700.550001778065
35.71674682851676 2475.8297823395533
44.964720209038475 809.0151249882412
56.607228905373276 369.8526154154697
71.26427896022375 317.1808112462572
89.71641173621413 441.1161468232631
112.94627058970849 833.9715245978773
142.19093021276416 264.4760539478126
179.00777537149975 127.44053864367152
225.35743732392314 99.1290255790402
283.70820458389824 67.02636113646469
357.16746828516796 43.965065430003136
449.6472020903851 30.212341863581152
566.0722890537331 17.02417890512387
712.6427896022379 34.10860836436476
