0.5660722890537327 10958596.012310218
0.7126427896022374 31580773.41412954
0.8971641173621409 22021398.905373596
1.1294627058970836 17589970.12179154
1.4219093021276406 15038834.440169714
1.7900777537149968 15334449.585268447
2.25357437323923 11072230.189511748
2.8370820458389803 8138915.2808564585
3.5716746828516763 5813291.955889789
4.496472020903847 3574972.2415020945
5.660722890537327 2167062.3614343433
7.126427896022376 1411523.263901092
8.971641173621409 814791.7594988247
11.294627058970837 479068.00978761615
14.219093021276404 254795.88465299073
17.900777537149963 136710.5166415458
22.535743732392305 77375.34979494083
28.3708204583898 50073.91460227466
35.71674682851676 27070.52651879635
44.964720209038475 15349.42210112825
56.607228905373276 8621.67541268506
71.26427896022375 3883.0620528329664
89.71641173621413 1825.7116029986223
112.94627058970849 1024.3570835631494
142.19093021276416 572.1671493903658
179.00777537149975 408.48547906520133
225.35743732392314 339.50497196781225
283.70820458389824 254.069079957216
357.16746828516796 279.910553013049
449.6472020903851 393.08295701286784
566.0722890537331 1140.8747740005856
712.6427896022379 1529.1918525650312
