0.5660722890537327 32875788.036930654
0.7126427896022374 30207696.309167385
0.8971641173621409 25462242.48433822
1.1294627058970836 21038983.871162433
1.4219093021276406 14865974.274190754
1.7900777537149968 12735390.333528033
2.25357437323923 7164384.240272307
2.8370820458389803 4526455.557267763
3.5716746828516763 2639430.869278291
4.496472020903847 1579766.0210919043
5.660722890537327 808196.4559078777
7.126427896022376 472338.52410698024
8.971641173621409 242235.38795911006
11.294627058970837 160724.04072068332
14.219093021276404 79861.39668228067
17.900777537149963 45570.1722138486
22.535743732392305 25053.634585679498
28.3708204583898 11337.900698733201
35.71674682851676 4515.3899995091415
44.964720209038475 2252.1231857780767
56.607228905373276 1257.498892412597
71.26427896022375 865.0385761261559
89.71641173621413 242.23538795910858
112.94627058970849 94.15807535782486
142.19093021276416 54.796672615331104
179.00777537149975 33.09468780549457
225.35743732392314 19.539229746197147
283.70820458389824 13.296463199474003
357.16746828516796 12.06285347694951
449.6472020903851 12.47413861637275
566.0722890537331 12.966758731566024
712.6427896022379 17.911790834231244
