0.5660722890537327 10958596.012310218
0.7126427896022374 4119231.314886462
0.8971641173621409 4817181.010550474
1.1294627058970836 4138816.499245069
1.4219093021276406 7605847.3030743385
1.7900777537149968 6411012.82095969
2.25357437323923 3734163.907051021
2.8370820458389803 2110895.13968737
3.5716746828516763 1745078.2606798618
4.496472020903847 989403.6325869712
5.660722890537327 649296.8137293797
7.126427896022376 378969.2809695539
8.971641173621409 238106.3756643525
11.294627058970837 142444.26784901763
14.219093021276404 78478.51535444897
17.900777537149963 47216.2430732842
22.535743732392305 32782.485463064164
28.3708204583898 13187.654171655126
35.71674682851676 6882.1523905562035
44.964720209038475 3039.273037117987
56.607228905373276 1065.7234621971681
71.26427896022375 453.1154446375102
89.71641173621413 218.83765162214922
112.94627058970849 102.09080698137787
142.19093021276416 61.019638590573756
179.00777537149975 32.228334721581106
225.35743732392314 25.661521733338923
283.70820458389824 39.91115140398579
357.16746828516796 13.884278911534109
449.6472020903851 14.868386080864978
566.0722890537331 13.158534161781454
712.6427896022379 9.288866615068942
