0.5660722890537327 13698245.015387774
0.7126427896022374 4119231.314886462
0.8971641173621409 4817181.010550474
1.1294627058970836 4138816.499245069
1.4219093021276406 2247182.157726509
1.7900777537149968 1386164.9342615546
2.25357437323923 868410.2109420978
2.8370820458389803 609330.555786045
3.5716746828516763 381735.86952371977
4.496472020903847 213186.41807122584
5.660722890537327 115065.25812925716
7.126427896022376 79638.47208780481
8.971641173621409 35096.60450543924
11.294627058970837 18969.575621539876
14.219093021276404 7778.707469053313
17.900777537149963 4071.8594943933163
22.535743732392305 3126.276759391549
28.3708204583898 1610.373611720263
35.71674682851676 359.9223912652214
44.964720209038475 131.19164188998505
56.607228905373276 98.62736411079192
71.26427896022375 46.684621568713176
89.71641173621413 28.903086063302727
112.94627058970849 35.52484161852
142.19093021276416 24.200423237054746
179.00777537149975 20.705838705531946
225.35743732392314 18.062932387595588
283.70820458389824 39.36710626489111
357.16746828516796 20.166560649981594
449.6472020903851 27.16760250805108
566.0722890537331 65.37076486243332
712.6427896022379 19.18051407921627
