0.5660722890537327 27396490.030775547
0.7126427896022374 19223079.469470154
0.8971641173621409 15827880.46323727
1.1294627058970836 15175660.49723192
1.4219093021276406 12273071.78450632
1.7900777537149968 8403624.913960675
2.25357437323923 8466999.556685453
2.8370820458389803 5157547.918617595
3.5716746828516763 3282928.47790399
4.496472020903847 1946009.354701446
5.660722890537327 1293114.3294526043
7.126427896022376 660450.087486795
8.971641173621409 390191.6618545892
11.294627058970837 229359.41433316396
14.219093021276404 140881.03527285444
17.900777537149963 83169.89605569327
22.535743732392305 38731.09540801753
28.3708204583898 20107.9083409395
35.71674682851676 9194.38108595702
44.964720209038475 5329.660451780643
56.607228905373276 2742.388652080631
71.26427896022375 1411.5232639010924
89.71641173621413 641.3732431190034
112.94627058970849 288.6824508223421
142.19093021276416 117.02633236775759
179.00777537149975 82.73671951373643
225.35743732392314 73.25040129296576
283.70820458389824 72.55385974966666
357.16746828516796 194.69620019622576
449.6472020903851 85.6244116068636
566.0722890537331 29.61560572326827
712.6427896022379 44.12108661374876
