0.5660722890537327 13698245.015387774
0.7126427896022374 16476925.259545848
0.8971641173621409 6193518.442136324
1.1294627058970836 8277632.998490138
1.4219093021276406 6741546.473179528
1.7900777537149968 4331765.419567358
2.25357437323923 2605230.6328262934
2.8370820458389803 1109852.0837531534
3.5716746828516763 687124.5651426956
4.496472020903847 404507.5624941208
5.660722890537327 221911.56924928166
7.126427896022376 123576.93944659366
8.971641173621409 61935.18442136337
11.294627058970837 34145.236118771776
14.219093021276404 15038.834440169738
17.900777537149963 8576.895530743368
22.535743732392305 5080.1997340112675
28.3708204583898 1653.8972228478376
35.71674682851676 763.4717390474393
44.964720209038475 360.77701519745887
56.607228905373276 238.34946326774713
71.26427896022375 300.7038859867113
89.71641173621413 560.1693346554385
112.94627058970849 281.4395219486633
142.19093021276416 114.77915021003108
179.00777537149975 73.03356497390557
225.35743732392314 136.5140851600974
283.70820458389824 67.30926460879392
357.16746828516796 45.328407821159274
449.6472020903851 62.08097820602336
566.0722890537331 310.96659974331993
712.6427896022379 162.10136378051652
