0.5660722890537327 16163364.15928031
0.7126427896022374 19673545.7249569
0.8971641173621409 13920183.469455225
1.1294627058970836 12209081.92812063
1.4219093021276406 9178553.995025251
1.7900777537149968 7886012.717940429
2.25357437323923 5343017.214576772
2.8370820458389803 4328582.712405509
3.5716746828516763 2720980.4956210824
4.496472020903847 1875115.945111885
5.660722890537327 1272287.6645376342
7.126427896022376 727921.1918234042
8.971641173621409 453565.978046417
11.294627058970837 263658.03116203326
14.219093021276404 146419.7899206411
17.900777537149963 84555.58080902793
22.535743732392305 48050.55892287188
28.3708204583898 25623.00868318009
35.71674682851676 14055.33506015079
44.964720209038475 7302.355707622447
56.607228905373276 3669.0836641566284
71.26427896022375 1767.1473130593615
89.71641173621413 842.7511075465984
112.94627058970849 637.1977996771498
142.19093021276416 1153.7296680413501
179.00777537149975 294.41114146977566
225.35743732392314 102.72499535148603
283.70820458389824 60.783572495389
357.16746828516796 28.26694264876623
449.6472020903851 92.85279301667056
566.0722890537331 47.063098327778604
712.6427896022379 27.45269715808389
