0.5660722890537327 24656841.02769799
0.7126427896022374 12357693.944659386
0.8971641173621409 15139711.747444347
1.1294627058970836 17245068.746854454
1.4219093021276406 12791652.282443207
1.7900777537149968 11349225.399266478
2.25357437323923 7207804.750819412
2.8370820458389803 4548217.36283155
3.5716746828516763 3206581.303999246
4.496472020903847 1836682.9864597917
5.660722890537327 1249279.9454033636
7.126427896022376 738715.4824696376
8.971641173621409 442492.4842548516
11.294627058970837 243155.46933064752
14.219093021276404 135176.64979554867
17.900777537149963 67488.90523685943
22.535743732392305 36950.854475586224
28.3708204583898 22392.897925137167
35.71674682851676 12749.978042092238
44.964720209038475 7144.478164592102
56.607228905373276 6287.494462062985
71.26427896022375 2346.588772380318
89.71641173621413 788.6413482986887
112.94627058970849 312.1357443180641
142.19093021276416 140.8810352728544
179.00777537149975 97.29145132348275
225.35743732392314 164.04268884696185
283.70820458389824 69.94244308201218
357.16746828516796 26.03438630151761
449.6472020903851 27.309726786765232
566.0722890537331 26.369121654621377
712.6427896022379 28.694565339499004
