0.5660722890537327 30136139.033853102
0.7126427896022374 37073081.833978154
0.8971641173621409 35784773.221232094
1.1294627058970836 22763490.74584788
1.4219093021276406 25237584.23292849
1.7900777537149968 17500332.295052126
2.25357437323923 10898548.147323327
2.8370820458389803 7986582.641909947
3.5716746828516763 5060726.9559716
4.496472020903847 2984609.8529971614
5.660722890537327 1742416.7659573227
7.126427896022376 1141027.0742235482
8.971641173621409 651695.7738559012
11.294627058970837 384909.93442979094
14.219093021276404 213655.16514999766
17.900777537149963 125881.10309262741
22.535743732392305 66303.1196054291
28.3708204583898 35362.93404115442
35.71674682851676 17341.715215506123
44.964720209038475 7997.223836877005
56.607228905373276 4350.562616887154
71.26427896022375 2500.373408136079
89.71641173621413 1093.5000893949532
112.94627058970849 1159.5584225384878
142.19093021276416 360.9320265640736
179.00777537149975 144.50769439676688
225.35743732392314 99.51981017396415
283.70820458389824 131.637161855349
357.16746828516796 69.74859673154802
449.6472020903851 61.78033069335881
566.0722890537331 34.914086895220244
712.6427896022379 49.28248345130148
