0.5660722890537327 8218947.009232664
0.7126427896022374 6865385.52481077
0.8971641173621409 6193518.442136324
1.1294627058970836 7242928.8736788705
1.4219093021276406 4667224.481431981
1.7900777537149968 3118871.1020884975
2.25357437323923 2301287.058996559
2.8370820458389803 1044566.6670617914
3.5716746828516763 490803.2608162111
4.496472020903847 355310.69678537635
5.660722890537327 186296.1322092735
7.126427896022376 96115.39734735063
8.971641173621409 66752.36543191384
11.294627058970837 33110.53199396051
14.219093021276404 13483.092946359075
17.900777537149963 8490.26022235202
22.535743732392305 3473.640843768388
28.3708204583898 2154.418750814946
35.71674682851676 818.0054346936851
