0.5660722890537327 16163364.15928031
0.7126427896022374 4629069.5823428
0.8971641173621409 11600152.891212689
1.1294627058970836 12790466.78184066
1.4219093021276406 11946689.326858263
1.7900777537149968 9565441.352316633
2.25357437323923 7282605.655484779
2.8370820458389803 5575801.460047775
3.5716746828516763 3548305.6463166815
4.496472020903847 2243689.1038562357
5.660722890537327 1429303.2020849285
7.126427896022376 870265.081480445
8.971641173621409 518526.83423720824
11.294627058970837 288657.57987199456
14.219093021276404 172935.6125729363
17.900777537149963 103175.33305972062
22.535743732392305 62176.618134013195
28.3708204583898 36371.09965550903
35.71674682851676 20646.358760692397
44.964720209038475 10748.514741882125
56.607228905373276 5299.274392221184
71.26427896022375 2934.8301152053314
89.71641173621413 1517.2999981706134
112.94627058970849 811.6132557931579
142.19093021276416 627.9296463263314
179.00777537149975 393.5704495342487
225.35743732392314 349.41868742999236
283.70820458389824 185.28534983356056
357.16746828516796 83.91834778555672
449.6472020903851 116.49676115012066
566.0722890537331 65.36464466012936
712.6427896022379 29.341357547679745
