0.5660722890537327 8218947.009232664
0.7126427896022374 8238462.629772924
0.8971641173621409 11698868.168479722
1.1294627058970836 9657238.498238495
1.4219093021276406 6395826.141221603
1.7900777537149968 3378777.027262539
2.25357437323923 2344707.5695436643
2.8370820458389803 1588611.8061564744
3.5716746828516763 828912.1738229344
4.496472020903847 601295.0253290985
5.660722890537327 419166.29747086536
7.126427896022376 221065.41389890644
8.971641173621409 173418.51637981742
11.294627058970837 141064.66234926926
14.219093021276404 64476.84191015301
17.900777537149963 26510.404367752228
22.535743732392305 10464.34304185227
28.3708204583898 4657.02639065049
35.71674682851676 2290.415217142318
44.964720209038475 1131.527911301121
56.607228905373276 791.7585618894128
71.26427896022375 571.2000756642553
89.71641173621413 264.944955580275
112.94627058970849 275.5761985747328
142.19093021276416 292.4794008364045
179.00777537149975 382.0617100058405
225.35743732392314 328.86694688377156
283.70820458389824 600.4082155048899
357.16746828516796 1036.79462162642
449.6472020903851 313.6518841668939
566.0722890537331 60.07228369048135
712.6427896022379 27.718307517870915
