0.5660722890537327 24656841.02769799
0.7126427896022374 13730771.04962154
0.8971641173621409 19268724.042201895
1.1294627058970836 20004279.746351168
1.4219093021276406 13310232.780380093
1.7900777537149968 9703154.539830882
2.25357437323923 5253881.776199692
2.8370820458389803 3873601.390354143
3.5716746828516763 2366762.3910470624
4.496472020903847 1251786.9163669413
5.660722890537327 846551.5419509634
7.126427896022376 490188.5264714882
8.971641173621409 262192.2807171049
11.294627058970837 148997.3939728223
14.219093021276404 70872.66805137463
17.900777537149963 35780.38236562638
22.535743732392305 18670.819535255087
28.3708204583898 9292.290975737193
35.71674682851676 4504.483260379892
44.964720209038475 2077.20099659143
56.607228905373276 893.1255750032823
71.26427896022375 348.7615846603867
89.71641173621413 156.90246720078625
112.94627058970849 109.67863722999378
142.19093021276416 97.83885394409276
179.00777537149975 47.21624307328415
225.35743732392314 29.17858308765441
283.70820458389824 38.62720487572235
357.16746828516796 25.140033692919186
449.6472020903851 31.775708929436806
566.0722890537331 54.71900953846782
712.6427896022379 56.94150754278035
