0.5660722890537327 0.0
0.7126427896022374 2746154.2099243077
0.8971641173621409 4129012.294757549
1.1294627058970836 2069408.2496225345
1.4219093021276406 1728601.6597896225
1.7900777537149968 1646070.859435596
2.25357437323923 564466.6371123636
2.8370820458389803 348188.88902059715
3.5716746828516763 207228.0434557336
4.496472020903847 136657.96030206783
5.660722890537327 82189.47009232655
7.126427896022376 68653.85524810759
8.971641173621409 17892.386610616082
11.294627058970837 12416.449497735191
14.219093021276404 14347.393776253886
17.900777537149963 14034.91995939824
22.535743732392305 3864.4254386923317
28.3708204583898 1566.8500005926883
35.71674682851676 1047.046956407917
44.964720209038475 519.3002491478575
56.607228905373276 199.99437722466138
71.26427896022375 102.98078287216141
89.71641173621413 82.58024589515065
112.94627058970849 210.3898387116233
142.19093021276416 58.599596266868275
179.00777537149975 18.106779453791535
225.35743732392314 17.62872728212454
283.70820458389824 14.036364588642769
357.16746828516796 18.912285650117948
449.6472020903851 108.0144518227544
566.0722890537331 22.75278497055902
712.6427896022379 11.040913001000646
