0.5660722890537327 18472416.182034638
0.7126427896022374 26617150.098471098
0.8971641173621409 22620298.137864742
1.1294627058970836 18313622.892180946
1.4219093021276406 13840676.65916506
1.7900777537149968 9857515.897425536
2.25357437323923 6331109.439190284
2.8370820458389803 4878826.277541803
3.5716746828516763 3162220.5759920687
4.496472020903847 2059402.5244840602
5.660722890537327 1152216.9593544092
7.126427896022376 593678.1739354632
8.971641173621409 374684.9383861706
11.294627058970837 221798.3216941912
14.219093021276404 128936.8299301168
17.900777537149963 66373.94037599862
22.535743732392305 34949.1879446631
28.3708204583898 18763.305571147626
35.71674682851676 11499.819594668828
44.964720209038475 6270.350863138265
56.607228905373276 4345.635906823646
71.26427896022375 1706.9694084889052
89.71641173621413 747.0498461940941
112.94627058970849 313.6571285819546
142.19093021276416 147.2939379201673
179.00777537149975 58.63396493061257
225.35743732392314 49.03865114748531
283.70820458389824 34.55529589055911
357.16746828516796 26.566329839003057
449.6472020903851 32.402187818112736
566.0722890537331 36.90557847968233
712.6427896022379 31.869986807034493
