0.5660722890537327 13698245.015387774
0.7126427896022374 20596156.57443231
0.8971641173621409 21333230.18958067
1.1294627058970836 21383885.246099524
1.4219093021276406 19360338.589643773
1.7900777537149968 14208190.576180933
2.25357437323923 9943296.91528702
2.8370820458389803 7181395.836049816
3.5716746828516763 4548110.21689689
4.496472020903847 3011941.445057575
5.660722890537327 1745156.4149604002
7.126427896022376 1024315.5203017653
8.971641173621409 640685.0744032144
11.294627058970837 388703.8495540989
14.219093021276404 214865.18631185038
17.900777537149963 119643.36088845042
22.535743732392305 68560.98615387856
28.3708204583898 35254.125013335484
35.71674682851676 17167.207389438136
44.964720209038475 8685.979956799427
56.607228905373276 5665.59413836438
71.26427896022375 2280.6810713421346
89.71641173621413 671.6526666138919
112.94627058970849 371.4587808072431
142.19093021276416 491.9600323761272
179.00777537149975 1115.7761367721587
225.35743732392314 324.39463429741977
283.70820458389824 98.53745559282861
357.16746828516796 71.74452999220061
449.6472020903851 180.74381829551487
566.0722890537331 127.6731228414198
712.6427896022379 30.644334828545258
