0.5660722890537327 16437894.018465327
0.7126427896022374 20596156.57443231
0.8971641173621409 10322530.736893872
1.1294627058970836 11726646.74786103
1.4219093021276406 7951567.635032264
1.7900777537149968 5804565.662220259
2.25357437323923 4255210.033616279
2.8370820458389803 2372036.8064528177
3.5716746828516763 1875959.1302308515
4.496472020903847 1120595.2744769563
5.660722890537327 646557.1647263021
7.126427896022376 422907.74832834274
8.971641173621409 262880.44943289785
11.294627058970837 139340.15547458382
14.219093021276404 82627.15933794407
17.900777537149963 46176.61937258804
22.535743732392305 25922.044796621594
28.3708204583898 12317.181949103633
35.71674682851676 7067.566955753438
44.964720209038475 3400.0500523154456
56.607228905373276 1780.7718520004096
71.26427896022375 1239.8886257808235
89.71641173621413 305.5469098120574
112.94627058970849 114.16235510417592
142.19093021276416 57.21671493903658
179.00777537149975 43.577560120847565
225.35743732392314 47.58887955962683
283.70820458389824 43.56713473870205
357.16746828516796 137.01045694162724
449.6472020903851 46.27238535828016
566.0722890537331 18.791252512108887
712.6427896022379 18.818021723506263
