0.5660722890537327 6927156.06826299
0.7126427896022374 8100871.7690999
0.8971641173621409 9280122.31297015
1.1294627058970836 10755619.793820554
1.4219093021276406 9469936.661533989
1.7900777537149968 5914509.538455322
2.25357437323923 4025560.9150920887
2.8370820458389803 2402730.234428482
3.5716746828516763 1682227.8064143853
4.496472020903847 1082683.6538115307
5.660722890537327 637298.3582801943
7.126427896022376 453648.8190695937
8.971641173621409 295803.89872592414
11.294627058970837 175578.22582344885
14.219093021276404 132724.8045947304
17.900777537149963 73894.85991255291
22.535743732392305 40950.9333089822
28.3708204583898 21569.547753342726
35.71674682851676 12235.219728620472
44.964720209038475 6109.100106187611
56.607228905373276 2812.425363714772
71.26427896022375 1941.894689792802
89.71641173621413 868.8514515518268
112.94627058970849 520.6301365062843
142.19093021276416 168.56487257530523
179.00777537149975 187.0737461422533
225.35743732392314 192.4218117414013
283.70820458389824 85.39780130915244
357.16746828516796 103.33291132188006
449.6472020903851 18.889374385647976
566.0722890537331 23.192118516544415
712.6427896022379 14.588512788753288
