0.5660722890537327 27396490.030775547
0.7126427896022374 46684621.56871323
0.8971641173621409 30279423.494888693
1.1294627058970836 28626814.119778395
1.4219093021276406 24891863.900970563
1.7900777537149968 20619203.397140622
2.25357437323923 15891906.86024039
2.8370820458389803 11076759.031967746
3.5716746828516763 7285701.738338423
4.496472020903847 4930619.207698608
5.660722890537327 2846495.314197576
7.126427896022376 1787746.3906607216
8.971641173621409 1128596.6939003991
11.294627058970837 685319.0319999952
14.219093021276404 401381.3054031509
17.900777537149963 214682.29419375825
22.535743732392305 124486.6037385496
28.3708204583898 76492.74655671249
35.71674682851676 42394.49499539138
44.964720209038475 24100.99787887267
56.607228905373276 15289.981086175823
71.26427896022375 15412.790503200158
89.71641173621413 7717.123978901828
112.94627058970849 6218.916691490623
142.19093021276416 2258.7637888471027
179.00777537149975 704.4316925300429
225.35743732392314 280.7136006870324
283.70820458389824 239.4016230072234
357.16746828516796 65.56040890591636
449.6472020903851 80.45327438903335
566.0722890537331 58.51890270573638
712.6427896022379 29.257526952533485
