0.5660722890537327 38355086.04308576
0.7126427896022374 32953850.519091696
0.8971641173621409 22709567.62116652
1.1294627058970836 21728786.62103661
1.4219093021276406 17286016.597896226
1.7900777537149968 14641367.118137669
2.25357437323923 8640681.598873874
2.8370820458389803 5375165.974255469
3.5716746828516763 3315648.6952917376
4.496472020903847 1995206.2204101903
5.660722890537327 1216404.157366433
7.126427896022376 626123.1598627412
8.971641173621409 441116.1468232657
11.294627058970837 233843.13220734612
14.219093021276404 116162.0315378628
17.900777537149963 68788.43486272964
22.535743732392305 40641.59787209014
28.3708204583898 19846.76667417405
35.71674682851676 8572.69695558982
44.964720209038475 4301.9925903090925
56.607228905373276 1986.245527231226
71.26427896022375 928.2001229544148
89.71641173621413 390.87983057037974
112.94627058970849 222.11648545948427
142.19093021276416 198.61633070982788
179.00777537149975 124.23503223319167
225.35743732392314 109.0723224943272
