0.5660722890537327 16437894.018465327
0.7126427896022374 20596156.57443231
0.8971641173621409 27526748.631716993
1.1294627058970836 18969575.6215399
1.4219093021276406 17286016.597896226
1.7900777537149968 15161178.968485752
2.25357437323923 12288004.484830685
2.8370820458389803 7899535.419654798
3.5716746828516763 5191607.825522589
4.496472020903847 3219661.544716718
5.660722890537327 2010902.3682589228
7.126427896022376 1075119.3731853648
8.971641173621409 631738.8810979063
11.294627058970837 378701.7096809234
14.219093021276404 218322.38963142963
17.900777537149963 128740.06826954187
22.535743732392305 79676.6368539374
28.3708204583898 46309.12223973945
35.71674682851676 25816.2515189327
44.964720209038475 13233.956875652242
56.607228905373276 6446.394104241483
71.26427896022375 3414.8427600408727
89.71641173621413 1588.981564765857
112.94627058970849 852.59619884448
142.19093021276416 600.6890767768946
179.00777537149975 501.8783415110735
225.35743732392314 505.3279017472054
283.70820458389824 156.07566950348206
357.16746828516796 145.0160034624961
449.6472020903851 115.59076914190103
566.0722890537331 78.4279320111009
712.6427896022379 31.568415720184785
