0.5660722890537327 53108196.52334958
0.7126427896022374 23145347.911714
0.8971641173621409 23780313.42698601
1.1294627058970836 22383316.868221156
1.4219093021276406 16463120.657743704
1.7900777537149968 13581466.347564073
2.25357437323923 9880922.246135127
2.8370820458389803 6602922.781635524
3.5716746828516763 4127433.251803601
4.496472020903847 2842620.486815806
5.660722890537327 1623263.571996292
7.126427896022376 951273.7991714439
8.971641173621409 625248.2408363651
11.294627058970837 337784.600011337
14.219093021276404 189253.0418974257
17.900777537149963 101057.79260768105
22.535743732392305 52478.675929473175
28.3708204583898 30226.71317815375
35.71674682851676 15130.85775605507
44.964720209038475 7081.211812375836
56.607228905373276 3412.7788896308975
71.26427896022375 1365.5755267911243
89.71641173621413 938.4523688991027
112.94627058970849 326.15690293693524
142.19093021276416 101.10978527853226
179.00777537149975 41.54760404174166
225.35743732392314 23.018889232662882
283.70820458389824 14.801551902166242
357.16746828516796 29.342465344670504
449.6472020903851 56.60823001864797
566.0722890537331 31.176820411228864
712.6427896022379 17.995508001357578
