0.5660722890537327 16437894.018465327
0.7126427896022374 13730771.04962154
0.8971641173621409 19268724.042201895
1.1294627058970836 14830759.12229483
1.4219093021276406 11581631.12059047
1.7900777537149968 7277365.904873162
2.25357437323923 5514404.839482321
2.8370820458389803 2763749.30660099
3.5716746828516763 1832332.173713855
4.496472020903847 973004.677350723
5.660722890537327 534231.5556001225
7.126427896022376 321300.0425611435
8.971641173621409 161031.47949554474
11.294627058970837 103815.31385606369
14.219093021276404 61538.21908851065
17.900777537149963 30582.263862145544
22.535743732392305 20016.855362215334
28.3708204583898 21217.760424692653
35.71674682851676 12106.480433466539
44.964720209038475 3602.303833562506
56.607228905373276 1328.7297664926132
71.26427896022375 678.3000898513031
89.71641173621413 328.94464614901676
112.94627058970849 179.69361634222253
142.19093021276416 111.14908672447287
179.00777537149975 77.88514224382101
225.35743732392314 72.94645771913602
283.70820458389824 39.43239168158247
357.16746828516796 14.320548476704074
449.6472020903851 9.363803439897687
566.0722890537331 6.90939478576157
712.6427896022379 7.7826010309254645
