0.5660722890537327 9588771.51077144 2849234.9632006567 13698245.015387774
0.7126427896022374 6865385.52481077 4119231.314886462 10929693.755498743
0.8971641173621409 6193518.442136324 4817181.010550474 9579308.523837512
1.1294627058970836 5173520.6240563365 3462809.804368374 8250040.88849517
1.4219093021276406 3457203.3195792446 2261010.971004826 4999116.000111587
1.7900777537149968 2295835.6723706997 1819341.4762182904 3371846.202591231
2.25357437323923 1498007.6138751188 956988.0524581918 2072026.7633078452
2.8370820458389803 924876.7364609612 609330.555786045 1214308.7504593325
3.5716746828516763 485349.89125158655 360358.6608303915 683634.4086213358
4.496472020903847 289714.8758403838 197224.7683079443 403414.29881170427
5.660722890537327 152050.5196708041 115394.01600962646 199665.61934429195
7.126427896022376 85130.78050765341 63271.39299665596 102980.78287216139
8.971641173621409 43354.629094954355 35179.18475133439 61825.07742683649
11.294627058970837 24487.997620533293 17976.259661721062 33096.73593896303
14.219093021276404 12273.071784506337 9714.741328017693 15370.725958849345
17.900777537149963 6411.01282095969 4945.143402978095 8483.329397680713
22.535743732392305 3104.5665041179964 2131.078657651906 4114.527579443656
28.3708204583898 1566.8500005926883 1196.8993060083035 2087.3923896784813
35.71674682851676 708.9380434011937 458.5193129936336 1045.301878147237
44.964720209038475 360.77701519745887 166.3947324637977 1030.7289997823154
56.607228905373276 201.36420172620015 77.5868597671563 774.3343942298393
71.26427896022375 111.9057840544154 47.014160073904094 494.7471424599627
89.71641173621413 87.05334254780465 62.37561239947046 385.95254256530245
112.94627058970849 116.40421404126698 35.966315378439475 278.59753461918166
142.19093021276416 57.38957510501554 24.6083732287651 181.30265648537497
179.00777537149975 36.213558907583064 19.79096984891932 244.92494764700936
225.35743732392314 45.61324632973357 18.260929915690387 410.94213274033075
283.70820458389824 44.013251752759686 17.405092089917034 753.9438470629665
357.16746828516796 48.409561625172145 22.89499051055455 1463.7371797626147
449.6472020903851 78.83797729826293 27.320878076325876 440.84917786680194
566.0722890537331 63.642046341491394 22.074228705476774 242.69882043907225
712.6427896022379 41.668084365733876 19.215445160766507 120.74274353269895
