0.5660722890537327 16437894.018465327 13698245.015387774 27396490.030775547
0.7126427896022374 19909618.021951232 10984616.83969723 24715387.88931877
0.8971641173621409 16860133.53692666 13075205.600065572 26783526.418660633
1.1294627058970836 13623604.310015019 8691514.648414645 19273088.831484538
1.4219093021276406 11927351.452548394 9030215.070740987 17113156.43191726
1.7900777537149968 8490260.22235202 6462994.005994499 13147774.401470846
2.25357437323923 6013740.710774028 4819676.6707286425 8176950.546230793
2.8370820458389803 3786554.168098994 2767231.1954911957 6125513.0300948545
3.5716746828516763 2753951.6301354067 1908679.3476185987 3586572.0952622853
4.496472020903847 1393911.195081092 1095450.209781376 1924144.0810531152
5.660722890537327 936959.9590525227 717788.0388063185 1187911.8077344263
7.126427896022376 509411.60594095837 382868.8199476464 661823.1645917572
8.971641173621409 326536.0556437435 248208.69241219267 390164.1351059575
11.294627058970837 191075.3617151471 142568.43234399497 213493.95108605787
14.219093021276404 105617.56141314609 78506.17298100561 132583.74730586424
17.900777537149963 61987.56315400889 44735.007840956016 71214.22349768736
22.535743732392305 33043.00852634679 24041.068279721014 38814.46278826796
28.3708204583898 17583.538895540165 12686.262171465467 20091.36936871102
35.71674682851676 8060.080216515109 5944.172825440778 10399.793894521634
44.964720209038475 3990.4124408203784 3364.6283090051497 5299.705026882429
56.607228905373276 1909.5353551450546 1536.3951609258918 2779.209534681993
71.26427896022375 1062.0751406882248 642.3254697012948 1405.0423399656709
89.71641173621413 564.2983469501961 304.032938637313 669.1752592370374
112.94627058970849 270.9200300130821 181.3077547769281 361.71876597901974
142.19093021276416 169.92154315732012 96.00653618471576 250.6610694827739
179.00777537149975 141.82199983663511 68.26862301238148 480.13287910484536
225.35743732392314 102.86318948609122 34.953510990419346 458.97042786669437
283.70820458389824 77.83109759888507 30.414299455949045 192.02181993374577
357.16746828516796 97.52806129374548 29.673310744600283 192.8080255181701
449.6472020903851 81.3880148374995 26.31179569745541 166.5652815982547
566.0722890537331 30.888172685197787 21.752484326555344 75.64170897497104
712.6427896022379 31.187386823557787 18.899912042046203 49.10107250419387
