0.5660722890537327 32875788.036930654
0.7126427896022374 35700004.729016
0.8971641173621409 31655760.92647454
1.1294627058970836 18969575.6215399
1.4219093021276406 11235910.788632546
1.7900777537149968 7710542.446829897
2.25357437323923 5601245.860576531
2.8370820458389803 3242509.0290043107
3.5716746828516763 1941399.5650063462
4.496472020903847 1065932.0903561292
5.660722890537327 572586.6416432082
7.126427896022376 302076.9630916734
8.971641173621409 169289.50408505986
11.294627058970837 113127.65097936508
14.219093021276404 70354.08755343774
17.900777537149963 46523.16060615342
22.535743732392305 25878.62428607449
28.3708204583898 12251.896532412271
35.71674682851676 5955.079564570027
44.964720209038475 3307.1226393100396
56.607228905373276 1717.7599249296259
71.26427896022375 814.2347232425562
89.71641173621413 328.94464614901676
112.94627058970849 176.58950396778874
142.19093021276416 103.54323942139852
179.00777537149975 156.46336695477277
225.35743732392314 52.58223827254388
283.70820458389824 39.62824793165656
357.16746828516796 24.071173258252774
449.6472020903851 22.280713847649135
566.0722890537331 17.887168341093297
712.6427896022379 13.655251808848579
