0.5660722890537327 21917192.024620436
0.7126427896022374 15103848.154583693
0.8971641173621409 21333230.18958067
1.1294627058970836 17245068.746854454
1.4219093021276406 14001673.44429594
1.7900777537149968 12648755.025136685
2.25357437323923 11984060.91100095
2.8370820458389803 7290204.8638687525
3.5716746828516763 5453369.564624568
4.496472020903847 4023210.351292877
5.660722890537327 2679376.725009845
7.126427896022376 1732823.3064622355
8.971641173621409 1121026.8380266768
11.294627058970837 629789.910635124
14.219093021276404 443904.90623397566
17.900777537149963 253148.37111951638
22.535743732392305 136644.34669173896
28.3708204583898 87068.98406071313
35.71674682851676 57085.872602489966
44.964720209038475 40335.96356275832
56.607228905373276 21541.8601111988
71.26427896022375 10335.15136905012
89.71641173621413 6054.508361546128
112.94627058970849 3557.312781101119
142.19093021276416 1307.687155630851
179.00777537149975 815.8446991213152
225.35743732392314 382.18733383561624
283.70820458389824 144.25900908234559
357.16746828516796 42.25270738671103
449.6472020903851 33.65065614478118
566.0722890537331 16.136532628126744
712.6427896022379 19.100875607128465
