0.5660722890537327 5479298.006155109
0.7126427896022374 6865385.52481077
0.8971641173621409 2064506.1473787746
1.1294627058970836 3449013.7493708907
1.4219093021276406 3630063.485558207
1.7900777537149968 2079247.4013923318
2.25357437323923 998671.7425834124
2.8370820458389803 609330.555786045
3.5716746828516763 359922.3912652215
4.496472020903847 207720.0996591431
5.660722890537327 153420.34417234288
7.126427896022376 52176.929988561766
8.971641173621409 39225.616800196796
11.294627058970837 25177.800370407473
14.219093021276404 9680.1692948219
17.900777537149963 4938.212578306788
22.535743732392305 2257.8665484494522
28.3708204583898 2045.6097229960096
35.71674682851676 1374.2491302853907
44.964720209038475 1251.7869163669407
56.607228905373276 1109.557846246409
71.26427896022375 1426.6271120556762
89.71641173621413 366.7939255176275
112.94627058970849 160.37913934574564
142.19093021276416 122.03927718114751
179.00777537149975 68.44189362916417
225.35743732392314 64.17551458862086
283.70820458389824 58.45220974433252
