0.5660722890537327 26026665.52923677 16437894.018465327 32875788.036930654
0.7126427896022374 20596156.57443231 12412617.028857872 31580773.41412954
0.8971641173621409 19612808.400098357 12469617.1301678 25379662.23844307
1.1294627058970836 18279772.87166572 11740442.802858513 21370089.191102043
1.4219093021276406 13310232.780380093 9866858.274079164 14865974.274190754
1.7900777537149968 8706848.49333039 6362497.048260535 12711132.447178455
2.25357437323923 6078871.476594685 5045463.325573589 7581221.141524514
2.8370820458389803 3743030.556971419 2908247.6955445376 4809359.029596998
3.5716746828516763 2552176.956244298 1855018.1911026933 3052141.8779290775
4.496472020903847 1579766.0210919043 1124749.6764701393 1834277.8063584752
5.660722890537327 808196.4559078777 659378.7220607052 1117776.793255641
7.126427896022376 481263.52528923424 377815.89620138565 655122.5483195418
8.971641173621409 273891.14888558467 242235.38795911006 419507.6491473678
11.294627058970837 160896.49140815187 139657.46473952595 221205.9458296512
14.219093021276404 87035.09357040763 71232.21719661086 122343.5110732705
17.900777537149963 50768.29071732943 45570.1722138486 72576.13054559933
22.535743732392305 29070.031811286695 25053.634585679498 40207.39276661909
28.3708204583898 15331.192019688178 11361.403448742092 20264.593340998767
35.71674682851676 7945.559455657994 4572.977582111577 10099.640433684697
44.964720209038475 3643.301221653126 2269.178099223775 5182.288507390892
56.607228905373276 1784.8813255050259 1257.498892412597 2689.1298754608024
71.26427896022375 865.0385761261559 635.3502380080871 1355.886179608026
89.71641173621413 340.6435143174964 242.23538795910858 643.0799015341698
112.94627058970849 202.80200846300738 109.77520961497616 349.4126849212645
142.19093021276416 121.86641701516854 56.88482342035698 203.7606492493618
179.00777537149975 71.73403534803536 33.51400269810869 163.91400347642863
225.35743732392314 50.08555891608536 24.11401473744011 326.4961870078995
283.70820458389824 39.82410418173065 16.47368681178694 81.75388066981334
357.16746828516796 33.4291554311485 12.979019563806434 135.45297459397042
449.6472020903851 39.94238863708838 15.12158594971265 84.77560168383539
566.0722890537331 22.39389095115586 13.186916925453337 62.487887009474875
712.6427896022379 20.188352674258486 13.681285350758662 44.040569372313776
