0.5660722890537327 2739649.0030775545
0.7126427896022374 2746154.2099243077
0.8971641173621409 5505349.726343399
1.1294627058970836 2414309.6245596237
1.4219093021276406 2074321.991747547
1.7900777537149968 1819341.4762182904
2.25357437323923 1259194.805866042
2.8370820458389803 848710.4169877055
3.5716746828516763 599870.6521087025
4.496472020903847 235051.69171955666
5.660722890537327 153420.34417234288
7.126427896022376 102980.78287216139
8.971641173621409 56429.834695019956
11.294627058970837 32765.630619023425
14.219093021276404 15384.554772127662
17.900777537149963 8230.354297177979
22.535743732392305 4298.63054416338
28.3708204583898 1719.1826395391995
35.71674682851676 698.0313042719446
44.964720209038475 377.175970433707
56.607228905373276 158.89964217849808
71.26427896022375 118.08463102674509
89.71641173621413 75.69855873722143
112.94627058970849 38.2840526180167
142.19093021276416 36.12777468960316
179.00777537149975 32.05506410479841
225.35743732392314 36.125864775191175
283.70820458389824 45.438650017187754
357.16746828516796 50.45457521190635
449.6472020903851 55.335541285513294
566.0722890537331 80.26897614116902
712.6427896022379 76.52021398243564
