0.5660722890537327 11545260.11377165
0.7126427896022374 19673545.7249569
0.8971641173621409 22040290.493304107
1.1294627058970836 14243928.916140735
1.4219093021276406 11363923.993840786
1.7900777537149968 10514683.623920573
2.25357437323923 8819638.004883576
2.8370820458389803 5594142.912218985
3.5716746828516763 3079488.0609225086
4.496472020903847 2202224.6234974964
5.660722890537327 1357722.5893795444
7.126427896022376 908454.905534773
8.971641173621409 520266.85717089014
11.294627058970837 320924.4392534562
14.219093021276404 178180.5005700936
17.900777537149963 118728.3025867698
22.535743732392305 65031.10678289668
28.3708204583898 35912.56335122879
35.71674682851676 20692.321269064374
44.964720209038475 9840.903338474162
56.607228905373276 4620.413097531412
71.26427896022375 2206.908923381927
89.71641173621413 1302.6971696831797
112.94627058970849 758.4165416777754
142.19093021276416 517.7869983860284
179.00777537149975 369.3282622902097
225.35743732392314 285.5952489216234
283.70820458389824 286.62187307949426
357.16746828516796 305.5311781518839
449.6472020903851 519.9231192182341
566.0722890537331 617.3804755319143
712.6427896022379 122.24909860009062
