0.5660722890537327 32875788.036930654
0.7126427896022374 31580773.41412954
0.8971641173621409 24085905.05275237
1.1294627058970836 24487997.620533325
1.4219093021276406 17631736.929854147
1.7900777537149968 14034919.95939824
2.25357437323923 8249897.003949929
2.8370820458389803 5592784.0298933415
3.5716746828516763 3904612.608271191
4.496472020903847 2612900.200975537
5.660722890537327 1575298.176769592
7.126427896022376 1036673.2142464246
8.971641173621409 650319.4364243153
11.294627058970837 348005.4873115225
14.219093021276404 198962.05104178583
17.900777537149963 112192.72436679456
22.535743732392305 60528.19170266416
28.3708204583898 33099.706262520536
35.71674682851676 18323.321737138544
44.964720209038475 10566.393490555878
56.607228905373276 5213.552052856584
71.26427896022375 4374.623656409417
89.71641173621413 1880.765100262056
112.94627058970849 833.9715245978773
142.19093021276416 290.92365934259385
179.00777537149975 111.7595478248377
225.35743732392314 53.71117154676861
283.70820458389824 38.47487223677584
357.16746828516796 52.42869499430044
449.6472020903851 40.93725858808743
566.0722890537331 107.76683318505835
712.6427896022379 268.06309704755057
