0.5660722890537327 10958596.012310218
0.7126427896022374 26088464.994280923
0.8971641173621409 19956892.75799482
1.1294627058970836 18279772.87166572
1.4219093021276406 13483092.946359055
1.7900777537149968 10656142.932135701
2.25357437323923 8770943.130515188
2.8370820458389803 5679831.25214849
3.5716746828516763 3828265.434366447
4.496472020903847 2366915.872431815
5.660722890537327 1523244.8457111185
7.126427896022376 962527.0505784685
8.971641173621409 574620.8776870935
11.294627058970837 350764.69831101916
14.219093021276404 205876.45768094432
17.900777537149963 108120.86487240125
22.535743732392305 64522.8786729978
28.3708204583898 35732.88473573881
35.71674682851676 18617.80369362827
44.964720209038475 12922.376726163528
56.607228905373276 14509.181120298721
71.26427896022375 5982.496946320097
89.71641173621413 1815.3890722617284
112.94627058970849 781.8914169823771
142.19093021276416 325.4956925383863
179.00777537149975 174.1369698666076
225.35743732392314 81.32661625472724
283.70820458389824 75.90517780648989
357.16746828516796 47.96783869043756
449.6472020903851 122.10115437069155
566.0722890537331 64.17079859908536
712.6427896022379 25.719107253046026
