0.5660722890537327 9588771.51077144 5479298.006155109 18958371.10129667
0.7126427896022374 10984616.83969723 8293385.71397141 13675847.965423053
0.8971641173621409 11010699.452686798 7597382.62235389 12359510.13564093
1.1294627058970836 7587830.24861596 5863323.373930515 12043956.01280315
1.4219093021276406 5877245.643284717 3816752.464815486 7412243.917177902
1.7900777537149968 3595365.298240907 3122336.5144241513 5094156.133411213
2.25357437323923 2431548.590637874 2089394.9675266875 3953003.280208428
2.8370820458389803 1621254.5145021554 1153375.694880728 2228408.889731821
3.5716746828516763 839818.9129521835 807098.695564436 1373376.5911550513
4.496472020903847 530232.8859720232 454797.69188528176 743419.304043249
5.660722890537327 341086.30088315514 255554.459007074 427385.244480098
7.126427896022376 193603.8717996634 166142.32970042038 281590.65268563805
8.971641173621409 114924.17553741869 98490.70660428361 171932.0719537047
11.294627058970837 68462.9229250121 51900.7589005331 90350.36417851975
14.219093021276404 38288.52676434019 31329.176482027164 53247.8455281596
17.900777537149963 19666.215004835805 14138.882329467855 26451.49235804611
22.535743732392305 10247.240489116744 8043.215373745702 14234.98017776285
28.3708204583898 4678.788196214277 3855.3214736805644 9247.896892387065
35.71674682851676 2383.1224997409354 2028.6534780403388 4112.276921292093
44.964720209038475 1131.527911301121 934.7404484661434 1446.8251573100517
56.607228905373276 519.1634860831964 408.3172874186785 791.7585618894128
71.26427896022375 326.79235098099224 180.20263925523287 564.7740748130324
89.71641173621413 272.8588958118936 86.13119646864213 443.09807272474666
112.94627058970849 206.59592358731533 57.15705585457412 343.1768680624019
142.19093021276416 117.97706328064189 52.584062490800385 292.4794008364045
179.00777537149975 124.32166754158303 38.68786331523994 377.5358814954764
225.35743732392314 67.56231441129503 33.6074751634591 185.2492661981678
283.70820458389824 49.290489601978095 15.960978672704112 261.19215415435474
357.16746828516796 51.436181733538774 22.145043128027382 109.21179651856228
449.6472020903851 35.20035741460663 10.056058003603841 97.78259701901797
566.0722890537331 19.115900918973576 12.631754451469702 59.62495380125884
712.6427896022379 20.85360853161265 9.642406508054597 27.718307517870915
