0.5660722890537327 36944832.364069276
0.7126427896022374 31246219.680813897
0.8971641173621409 22620298.137864742
1.1294627058970836 15988083.477300825
1.4219093021276406 15443281.32496312
1.7900777537149968 16210137.253544217
2.25357437323923 10795822.454110602
2.8370820458389803 7923507.337962628
3.5716746828516763 5745313.546497218
4.496472020903847 3846982.344394162
5.660722890537327 2327524.438936362
7.126427896022376 1470886.8597894222
8.971641173621409 897271.8261353032
11.294627058970837 496793.35750376503
14.219093021276404 305806.1085009211
17.900777537149963 193572.40477092666
22.535743732392305 120730.23144444352
28.3708204583898 71091.46861560919
35.71674682851676 37643.29435664976
44.964720209038475 19313.23351820397
56.607228905373276 10506.186703532196
71.26427896022375 6782.744205527779
89.71641173621413 5478.75221051973
112.94627058970849 5009.793284505474
142.19093021276416 2685.9654198775515
179.00777537149975 665.564869666916
225.35743732392314 261.66145948098506
283.70820458389824 194.84124641476083
357.16746828516796 58.68493068934101
449.6472020903851 76.78761045990117
566.0722890537331 47.663451853694724
712.6427896022379 26.869434390708697
