0.5660722890537327 6927156.06826299
0.7126427896022374 15044476.142614098
0.8971641173621409 13340175.82489459
1.1294627058970836 9883542.51324051
1.4219093021276406 8887171.328516513
1.7900777537149968 6863751.810059262
2.25357437323923 5306421.206257753
2.8370820458389803 3649948.9820707478
3.5716746828516763 2187815.3985061403
4.496472020903847 1460471.1415244902
5.660722890537327 847422.0923508381
7.126427896022376 535814.8041561783
8.971641173621409 321904.24273115274
11.294627058970837 177903.76523832898
14.219093021276404 98778.72394646236
17.900777537149963 59364.1512933849
22.535743732392305 29203.614638577124
28.3708204583898 15590.23434552833
35.71674682851676 9615.356751417741
44.964720209038475 4432.092233900817
56.607228905373276 2514.5576527794638
71.26427896022375 1069.3150735211855
89.71641173621413 551.5872699771611
112.94627058970849 281.39026920049315
142.19093021276416 124.56608993248571
179.00777537149975 65.20564219556292
225.35743732392314 52.259099879558974
283.70820458389824 54.78591763540342
357.16746828516796 61.010633612963076
449.6472020903851 119.90145570402161
566.0722890537331 30.174691833353485
712.6427896022379 36.567335165716834
