0.5660722890537327 24656841.02769799
0.7126427896022374 37073081.833978154
0.8971641173621409 32343929.64226747
1.1294627058970836 28281912.744841304
1.4219093021276406 24546143.56901264
1.7900777537149968 22611815.490141608
2.25357437323923 16933999.113370907
2.8370820458389803 13992840.977515247
3.5716746828516763 10175987.607589444
4.496472020903847 6401058.860548858
5.660722890537327 4268373.146794825
7.126427896022376 2608846.4994280883
8.971641173621409 1625454.5067028918
11.294627058970837 999524.1845676829
14.219093021276404 621950.877192307
17.900777537149963 373831.35570866294
22.535743732392305 223441.94727540156
28.3708204583898 128699.31810423831
35.71674682851676 72028.10520956128
44.964720209038475 38690.601720721424
56.607228905373276 21306.25029693413
71.26427896022375 11750.7938642661
89.71641173621413 6068.9599045777795
112.94627058970849 2501.5696724186946
142.19093021276416 1063.954321600514
179.00777537149975 436.98849552595453
225.35743732392314 221.14066021640463
283.70820458389824 127.00189727026232
357.16746828516796 79.95730455652519
449.6472020903851 40.7568700804887
566.0722890537331 48.40685823537716
712.6427896022379 36.383797127287046
