0.5660722890537327 18472416.182034638
0.7126427896022374 15044476.142614098
0.8971641173621409 12760168.180333957
1.1294627058970836 11337004.647540586
1.4219093021276406 10344084.661060203
1.7900777537149968 5184323.17568306
2.25357437323923 4062156.9234111076
2.8370820458389803 2934632.347393566
3.5716746828516763 2086697.8800877896
4.496472020903847 1391363.6742599243
5.660722890537327 872821.6646011356
7.126427896022376 598307.2435178059
8.971641173621409 363084.7854949579
11.294627058970837 214531.01102269083
14.219093021276404 120486.73260136339
17.900777537149963 65570.73537694913
22.535743732392305 36778.98836061404
28.3708204583898 21312.767422945788
35.71674682851676 12088.139701830143
44.964720209038475 6818.603436770487
56.607228905373276 3246.527143992586
71.26427896022375 1600.500808095021
89.71641173621413 795.1904806926266
112.94627058970849 321.215131680315
142.19093021276416 137.53261859212458
179.00777537149975 48.11928130669201
225.35743732392314 34.107479753325606
283.70820458389824 21.3311088751169
357.16746828516796 16.086877930192163
449.6472020903851 27.928631103853178
566.0722890537331 8.589673524646079
712.6427896022379 9.01395574421699
