0.5660722890537327 5479298.006155109
0.7126427896022374 4119231.314886462
0.8971641173621409 5505349.726343399
1.1294627058970836 5173520.6240563365
1.4219093021276406 2938622.8216423583
1.7900777537149968 1992612.0930009845
2.25357437323923 955251.2320363076
2.8370820458389803 544045.139094683
3.5716746828516763 338108.9130067232
4.496472020903847 147590.59712623328
5.660722890537327 101367.0131138694
7.126427896022376 52176.929988561766
8.971641173621409 39913.78551598972
11.294627058970837 15865.46324710608
14.219093021276404 9161.588796885013
17.900777537149963 5544.659737046218
22.535743732392305 2084.1845062610328
28.3708204583898 1196.8993060083035
35.71674682851676 370.82913039447055
44.964720209038475 125.72532347790234
56.607228905373276 76.71017208617148
71.26427896022375 28.834619204205197
89.71641173621413 23.39773633695935
112.94627058970849 26.902307245092814
142.19093021276416 19.53319875562276
179.00777537149975 21.74546240622811
225.35743732392314 15.805065839146138
283.70820458389824 15.864356256000896
357.16746828516796 26.07801325803461
449.6472020903851 86.52635414485725
566.0722890537331 227.87578512898102
712.6427896022379 39.49930907844616
