0.5660722890537327 27396490.030775547
0.7126427896022374 28834619.204205234
0.8971641173621409 19956892.75799482
1.1294627058970836 14485857.747357741
1.4219093021276406 16248855.60202245
1.7900777537149968 6324377.5125683425
2.25357437323923 6513076.582065734
2.8370820458389803 3743030.556971419
3.5716746828516763 2595803.9127612943
4.496472020903847 1656294.478861062
5.660722890537327 961616.8000802206
7.126427896022376 536873.1480402014
8.971641173621409 284901.8483382715
11.294627058970837 163138.35034524294
14.219093021276404 85738.6423255654
17.900777537149963 53887.16181941793
22.535743732392305 28657.5369610892
28.3708204583898 14623.93333886509
35.71674682851676 7569.276955698899
44.964720209038475 3908.417664639138
56.607228905373276 1947.8904411881404
71.26427896022375 1035.3001371414628
89.71641173621413 352.3423824859761
112.94627058970849 254.1923133286334
142.19093021276416 247.19003734991634
179.00777537149975 200.73400954275112
225.35743732392314 463.6442116219848
283.70820458389824 94.70737781360206
357.16746828516796 195.85231454392616
449.6472020903851 52.82103481595525
566.0722890537331 21.72267694540186
712.6427896022379 27.703203669716334
