0.5660722890537327 27396490.030775547
0.7126427896022374 24715387.88931877
0.8971641173621409 31655760.92647454
1.1294627058970836 21383885.246099524
1.4219093021276406 18668897.925727922
1.7900777537149968 12562119.716745337
2.25357437323923 11028809.678964643
2.8370820458389803 6223876.391243174
3.5716746828516763 4002773.260434433
4.496472020903847 2519972.787970131
5.660722890537327 1449274.3226280247
7.126427896022376 837577.0340269126
8.971641173621409 520255.5491394523
11.294627058970837 312825.5470679394
14.219093021276404 182886.05560574232
17.900777537149963 110373.38289057628
22.535743732392305 62872.89927220782
28.3708204583898 37560.87640309694
35.71674682851676 22315.188258443726
44.964720209038475 13846.184537805504
56.607228905373276 10492.855681787029
71.26427896022375 3144.3465703633287
89.71641173621413 1582.099877607928
112.94627058970849 595.2997731414129
142.19093021276416 384.4410091372125
179.00777537149975 504.21749483763983
225.35743732392314 116.4103887767879
283.70820458389824 47.52778335131133
357.16746828516796 51.294394124858535
449.6472020903851 61.517947409578845
566.0722890537331 47.19867302501996
712.6427896022379 66.36630879124054
