0.5660722890537327 21917192.024620436
0.7126427896022374 12357693.944659386
0.8971641173621409 11010699.452686798
1.1294627058970836 14140956.372420652
1.4219093021276406 8988728.630906036
1.7900777537149968 6237742.204176995
2.25357437323923 4298630.5441633845
2.8370820458389803 2720225.6954734153
3.5716746828516763 1374249.1302853911
4.496472020903847 743419.304043249
5.660722890537327 427385.244480098
7.126427896022376 282853.88362220326
8.971641173621409 146579.9364638933
11.294627058970837 71739.48598691444
14.219093021276404 35609.194191666276
17.900777537149963 18280.05007057425
22.535743732392305 10247.240489116744
28.3708204583898 5919.211113350156
35.71674682851676 2028.6534780403388
44.964720209038475 1022.2015430594668
56.607228905373276 410.947350461633
71.26427896022375 119.45770813170724
89.71641173621413 85.33292075832235
112.94627058970849 56.90872686461942
142.19093021276416 46.84510498029883
179.00777537149975 83.08326074730182
225.35743732392314 38.513992855281934
283.70820458389824 15.84259445043711
357.16746828516796 22.51150956277015
449.6472020903851 9.768311002391806
566.0722890537331 17.865251149068676
712.6427896022379 21.123418182737712
