0.5660722890537327 13854312.13652598
0.7126427896022374 12729941.351442698
0.8971641173621409 14500191.11401586
1.1294627058970836 8430080.378940435
1.4219093021276406 7575949.32922719
1.7900777537149968 5330360.448237512
2.25357437323923 5013653.139705601
2.8370820458389803 4053460.929837363
3.5716746828516763 2160237.893482954
4.496472020903847 1460471.1415244902
5.660722890537327 812786.3120095232
7.126427896022376 561274.6868590636
8.971641173621409 324224.2733093953
11.294627058970837 188078.00017842947
14.219093021276404 113493.54860515366
17.900777537149963 72872.59900467175
22.535743732392305 41463.27742544847
28.3708204583898 21936.37679676692
35.71674682851676 12906.272350851346
44.964720209038475 6551.3878966808325
56.607228905373276 3611.35736358777
71.26427896022375 1961.568235517759
89.71641173621413 1025.4535155831975
112.94627058970849 452.60810862104114
142.19093021276416 116.1159926037323
179.00777537149975 52.71945539215725
225.35743732392314 61.37150595099468
283.70820458389824 30.006615752099098
357.16746828516796 27.33849997965228
449.6472020903851 24.708223129324413
566.0722890537331 15.126599801063566
712.6427896022379 14.924120333473141
