0.5660722890537327 13698245.015387774
0.7126427896022374 5492308.419848615
0.8971641173621409 8258024.589515098
1.1294627058970836 5173520.6240563365
1.4219093021276406 4667224.481431981
1.7900777537149968 2252518.018175026
2.25357437323923 1649979.400789986
2.8370820458389803 1218661.11157209
3.5716746828516763 752564.9999181904
4.496472020903847 295181.19425246655
5.660722890537327 128763.50314464491
7.126427896022376 102980.78287216139
8.971641173621409 37849.27936861094
11.294627058970837 27247.208620030004
14.219093021276404 11235.910788632562
17.900777537149963 6930.824671307772
22.535743732392305 3082.856248844444
28.3708204583898 935.7576392428555
35.71674682851676 490.80326081621104
44.964720209038475 147.59059712623318
56.607228905373276 73.97052308309394
71.26427896022375 54.92308419848609
89.71641173621413 99.7844637899737
112.94627058970849 97.95199048213281
142.19093021276416 56.1795539431628
179.00777537149975 40.28541840197638
225.35743732392314 23.01287058996553
283.70820458389824 24.612602092643368
357.16746828516796 34.039932822386454
449.6472020903851 52.44385884552154
566.0722890537331 28.3307103408249
712.6427896022379 30.88874255322852
