0.5660722890537327 19177543.02154288
0.7126427896022374 19223079.469470154
0.8971641173621409 17204217.894823123
1.1294627058970836 13451153.622546474
1.4219093021276406 10717330.29069566
1.7900777537149968 7970448.372003938
2.25357437323923 5036779.223464168
2.8370820458389803 2894320.1399837136
3.5716746828516763 1854145.6519723532
4.496472020903847 1115128.9560648736
5.660722890537327 597243.4826709062
7.126427896022376 376223.1267596296
8.971641173621409 218837.65162215056
11.294627058970837 108988.83448012001
14.219093021276404 65168.282574068864
17.900777537149963 34480.85273975617
22.535743732392305 22926.02956887136
28.3708204583898 16038.450700511266
35.71674682851676 6609.483912324975
44.964720209038475 2678.496021920528
56.607228905373276 1191.7473163387356
71.26427896022375 634.3616224925144
89.71641173621413 300.041560085714
112.94627058970849 183.48753146653047
142.19093021276416 84.35576099773368
179.00777537149975 77.36533039347292
225.35743732392314 25.53126020169761
283.70820458389824 16.56073403404209
357.16746828516796 24.409282171259495
449.6472020903851 38.083840376980255
566.0722890537331 58.918891460185705
712.6427896022379 22.238356791966975
