0.5660722890537327 30136139.033853102
0.7126427896022374 10984616.83969723
0.8971641173621409 17892386.610616047
1.1294627058970836 10347041.248112673
1.4219093021276406 12618792.116464244
1.7900777537149968 8836801.45591741
2.25357437323923 6730179.134801258
2.8370820458389803 3982410.41817308
3.5716746828516763 3108420.6518360036
4.496472020903847 1727356.6182181374
5.660722890537327 999971.8861233062
7.126427896022376 642600.085122287
8.971641173621409 389503.49313879624
11.294627058970837 226600.20333366725
14.219093021276404 132756.6074718432
17.900777537149963 68355.2583207729
22.535743732392305 38253.46979199937
28.3708204583898 17409.444451029867
35.71674682851676 10415.935868432922
44.964720209038475 5684.971148566018
56.607228905373276 3005.3949563760757
71.26427896022375 2468.7926347219495
89.71641173621413 1580.723540176342
112.94627058970849 1297.8638738882598
142.19093021276416 1475.8800971283815
179.00777537149975 600.5559577688177
225.35743732392314 296.90945112110245
283.70820458389824 155.87981325340797
357.16746828516796 100.99640433684671
449.6472020903851 95.2396656937171
