0.5660722890537327 20781468.204788968
0.7126427896022374 5786336.9779285
0.8971641173621409 8700114.668409515
1.1294627058970836 7848695.525220405
1.4219093021276406 6556109.996446608
1.7900777537149968 5549416.3570691915
2.25357437323923 5160037.172981678
2.8370820458389803 3283119.9386465517
3.5716746828516763 2197007.9001805363
4.496472020903847 1345292.0294168806
5.660722890537327 789695.7917819798
7.126427896022376 532343.0019694212
8.971641173621409 331184.3650441229
11.294627058970837 192438.38658132972
14.219093021276404 104023.61194361966
17.900777537149963 67615.25719271146
22.535743732392305 38608.788776564994
28.3708204583898 22229.84003150628
35.71674682851676 13099.314886013653
44.964720209038475 8412.682348339804
56.607228905373276 4620.413097531412
71.26427896022375 2779.756284196848
89.71641173621413 1421.0187291735485
112.94627058970849 801.1483284261974
142.19093021276416 659.690356975784
179.00777537149975 325.0059500699334
225.35743732392314 204.68147452827264
283.70820458389824 115.77124610467574
357.16746828516796 119.14401420184035
449.6472020903851 99.05864357702858
566.0722890537331 35.231515763185456
712.6427896022379 33.59894429603952
