0.5660722890537327 21917192.024620436
0.7126427896022374 13730771.04962154
0.8971641173621409 8946193.305308023
1.1294627058970836 13106252.247609384
1.4219093021276406 11754491.286569433
1.7900777537149968 6930824.671307772
2.25357437323923 5340722.797293901
2.8370820458389803 4004172.223736867
3.5716746828516763 2639430.869278291
4.496472020903847 1306450.1004877684
5.660722890537327 961616.8000802206
7.126427896022376 579438.538294028
8.971641173621409 339955.3456017056
11.294627058970837 244190.17345545877
14.219093021276404 142609.63693264406
17.900777537149963 84209.51975638943
22.535743732392305 45721.797606101405
28.3708204583898 28138.014593977026
35.71674682851676 14811.351737520323
44.964720209038475 8183.078662887817
56.607228905373276 2857.453910209888
71.26427896022375 1465.0732709946165
89.71641173621413 979.952251289121
112.94627058970849 608.7509267639592
142.19093021276416 314.95122241366965
179.00777537149975 398.4357832918051
225.35743732392314 194.48046674048229
283.70820458389824 127.61122782604836
357.16746828516796 105.86080998849181
449.6472020903851 18.093513943993777
566.0722890537331 26.577334978855273
712.6427896022379 17.519090782212068
