0.5660722890537327 5479298.006155109
0.7126427896022374 12357693.944659386
0.8971641173621409 8258024.589515098
1.1294627058970836 5863323.373930515
1.4219093021276406 5704385.477305754
1.7900777537149968 3032235.7936971504
2.25357437323923 2084184.5062610349
2.8370820458389803 1175137.5004445154
3.5716746828516763 818005.4346936853
4.496472020903847 519300.2491478578
5.660722890537327 243828.76127390208
7.126427896022376 166142.32970042038
8.971641173621409 114236.00682162576
11.294627058970837 63461.85298842432
14.219093021276404 45807.94398442506
17.900777537149963 37513.088533453316
22.535743732392305 24749.691011849765
28.3708204583898 15668.500005926882
35.71674682851676 5453.369564624567
44.964720209038475 1454.040697614001
56.607228905373276 772.58101886787
71.26427896022375 391.3269749142134
89.71641173621413 293.1598729277848
112.94627058970849 317.65416631705745
142.19093021276416 588.5888651583672
179.00777537149975 894.8561003742237
225.35743732392314 266.2545706748465
283.70820458389824 52.271856964216944
357.16746828516796 58.03475890673448
449.6472020903851 83.11537145571764
566.0722890537331 19.336442663721318
712.6427896022379 20.583798880487585
