0.5660722890537327 8218947.009232664
0.7126427896022374 5492308.419848615
0.8971641173621409 4817181.010550474
1.1294627058970836 2414309.6245596237
1.4219093021276406 2592902.4896844337
1.7900777537149968 1646070.859435596
2.25357437323923 824989.700394993
2.8370820458389803 500521.52796710836
3.5716746828516763 250854.99997273012
4.496472020903847 174922.18918664684
5.660722890537327 93148.06610463675
7.126427896022376 54923.084198486074
8.971641173621409 32343.929642267536
11.294627058970837 23453.293495722028
14.219093021276404 21953.241079328236
17.900777537149963 4764.941961524093
22.535743732392305 2822.3331855618153
28.3708204583898 783.4250002963441
35.71674682851676 468.9897825577128
44.964720209038475 366.2433336095416
56.607228905373276 424.6455954770207
71.26427896022375 90.62308892750204
89.71641173621413 61.93518442136299
112.94627058970849 192.11006583995766
142.19093021276416 41.48643983495099
179.00777537149975 18.28005007057423
225.35743732392314 12.809050611395909
283.70820458389824 10.16276319828864
357.16746828516796 16.490989563424645
449.6472020903851 8.696912593623596
566.0722890537331 10.090127278334602
712.6427896022379 28.421322995611536
