0.5660722890537327 6927156.06826299
0.7126427896022374 21988080.516128298
0.8971641173621409 13340175.82489459
1.1294627058970836 15988083.477300825
1.4219093021276406 11363923.993840786
1.7900777537149968 9419404.07976218
2.25357437323923 7319201.663803797
2.8370820458389803 4181851.0950358314
3.5716746828516763 2629055.4788771267
4.496472020903847 1501935.6218832296
5.660722890537327 930547.9651699938
7.126427896022376 548544.745507621
8.971641173621409 346264.56380269944
11.294627058970837 191857.00172760966
14.219093021276404 105917.59927592646
17.900777537149963 55567.18220696913
22.535743732392305 29569.574721767312
28.3708204583898 15168.380945590505
35.71674682851676 6885.183754122264
44.964720209038475 3492.230679102722
56.607228905373276 1724.8618609974835
71.26427896022375 865.6360118981024
89.71641173621413 288.26379934663413
112.94627058970849 148.2531376986069
142.19093021276416 98.92441527971673
179.00777537149975 114.78529622779945
225.35743732392314 91.70959684746134
283.70820458389824 96.6227700379328
357.16746828516796 122.07642223597253
449.6472020903851 145.23625320321142
566.0722890537331 297.33431991805134
712.6427896022379 1058.087265249211
