0.5660722890537327 6927156.06826299
0.7126427896022374 8100871.7690999
0.8971641173621409 11600152.891212689
1.1294627058970836 8139387.95208042
1.4219093021276406 8741479.995262144
1.7900777537149968 5184323.17568306
2.25357437323923 4062156.9234111076
2.8370820458389803 2329364.425743643
3.5716746828516763 1627072.7963680122
4.496472020903847 1027397.6799998779
5.660722890537327 676552.2426670179
7.126427896022376 406200.85585058003
8.971641173621409 266223.50885333173
11.294627058970837 180229.30465320908
14.219093021276404 88871.71328516526
17.900777537149963 37823.65359160317
22.535743732392305 19359.288400761026
28.3708204583898 13480.967345839203
35.71674682851676 8824.801607419724
44.964720209038475 5652.990822241478
56.607228905373276 2976.3680573303295
71.26427896022375 1189.670882662098
89.71641173621413 458.78604684745994
112.94627058970849 230.80978692685076
142.19093021276416 108.83142594101383
179.00777537149975 71.77731946051327
225.35743732392314 30.63085896301881
283.70820458389824 21.31276742294569
357.16746828516796 19.0836334760451
449.6472020903851 93.17990169505617
566.0722890537331 31.472379070141415
712.6427896022379 15.258570610797406
