0.5660722890537327 4618104.045508659
0.7126427896022374 10415406.560271299
0.8971641173621409 11600152.891212689
1.1294627058970836 9302157.65952048
1.4219093021276406 7575949.32922719
1.7900777537149968 5695453.629623643
2.25357437323923 4354924.98996326
2.8370820458389803 2879607.9908799366
3.5716746828516763 1856885.338227901
4.496472020903847 1248541.5752464884
5.660722890537327 662697.9305304919
7.126427896022376 445547.9473004938
8.971641173621409 307984.0592616975
11.294627058970837 187787.30775156946
14.219093021276404 107665.89527497889
17.900777537149963 59437.16992966212
22.535743732392305 28435.098463877726
28.3708204583898 15847.014675925268
35.71674682851676 8990.266637558845
44.964720209038475 4819.094050582385
56.607228905373276 2309.052022754329
71.26427896022375 1569.254588414207
89.71641173621413 1329.9575289775294
112.94627058970849 916.2625294627628
142.19093021276416 931.9874588282
179.00777537149975 648.5515274143223
225.35743732392314 270.9934416023349
283.70820458389824 127.2163122595106
357.16746828516796 94.0209071257174
449.6472020903851 89.06570381057236
566.0722890537331 71.91080714463787
712.6427896022379 78.85851487000052
