0.5660722890537327 32875788.036930654
0.7126427896022374 37073081.833978154
0.8971641173621409 22021398.905373596
1.1294627058970836 30006419.61952675
1.4219093021276406 17458876.763875186
1.7900777537149968 12042307.866397254
2.25357437323923 8206476.493402825
2.8370820458389803 5592784.0298933415
3.5716746828516763 3468343.0431012255
4.496472020903847 2191993.683245168
5.660722890537327 1290374.6804495268
7.126427896022376 656330.8561719086
8.971641173621409 419782.916633685
11.294627058970837 209355.1345868128
14.219093021276404 112877.68838426251
17.900777537149963 64456.66944316228
22.535743732392305 33346.952100176524
28.3708204583898 17844.680562305617
35.71674682851676 8474.536303426577
44.964720209038475 3372.7184602550324
56.607228905373276 1416.398534591095
71.26427896022375 659.077010381833
89.71641173621413 290.4071980646131
112.94627058970849 176.24460259285163
142.19093021276416 170.61298382123596
179.00777537149975 479.6130672544973
225.35743732392314 188.3147542427934
283.70820458389824 82.06376878104167
357.16746828516796 70.16305281845949
449.6472020903851 32.070890123689274
566.0722890537331 23.06510495690986
712.6427896022379 41.35021701593514
