0.5660722890537327 16437894.018465327
0.7126427896022374 15103848.154583693
0.8971641173621409 11698868.168479722
1.1294627058970836 12071548.122798119
1.4219093021276406 7778707.469053301
1.7900777537149968 5891200.970611607
2.25357437323923 4255210.033616279
2.8370820458389803 2850796.528856139
3.5716746828516763 1537850.2172241283
4.496472020903847 1005802.5878232192
5.660722890537327 657515.7607386124
7.126427896022376 416042.362803532
8.971641173621409 224343.00134849397
11.294627058970837 131062.5224760937
14.219093021276404 67934.04522973226
17.900777537149963 46176.61937258804
22.535743732392305 29482.526661484193
28.3708204583898 13818.746533004958
35.71674682851676 7329.328694855418
44.964720209038475 3148.599405359641
56.607228905373276 1038.3269721663926
71.26427896022375 473.71160121194254
89.71641173621413 224.3430013484926
112.94627058970849 112.09294685455339
142.19093021276416 56.87099460707866
179.00777537149975 32.31497002997245
225.35743732392314 25.618101222791818
283.70820458389824 40.01996043180473
357.16746828516796 13.884278911534109
449.6472020903851 14.890251354513309
566.0722890537331 13.13935661875991
712.6427896022379 9.282001229544132
