0.5660722890537327 11545260.11377165
0.7126427896022374 10415406.560271299
0.8971641173621409 11020145.246652054
1.1294627058970836 8720772.805800451
1.4219093021276406 6556109.996446608
1.7900777537149968 6060546.811009775
2.25357437323923 4611097.048196392
2.8370820458389803 2732876.3735102583
3.5716746828516763 1884462.8432510875
4.496472020903847 1027397.6799998779
5.660722890537327 623444.0461436684
7.126427896022376 444390.67990490806
8.971641173621409 263323.4706305286
11.294627058970837 160171.52719986808
14.219093021276404 99798.56327924295
17.900777537149963 56078.312660909716
22.535743732392305 32167.891312417658
28.3708204583898 16470.6240497464
35.71674682851676 8429.524035420716
44.964720209038475 4058.9119106721614
56.607228905373276 2216.6899418441553
71.26427896022375 893.4104293921592
89.71641173621413 605.5279809212999
112.94627058970849 245.63510069671148
142.19093021276416 131.85065659520416
179.00777537149975 67.61525719271138
225.35743732392314 68.87368765639356
283.70820458389824 30.48349350855055
357.16746828516796 35.768024015072974
449.6472020903851 90.05624417469781
566.0722890537331 35.99812103473989
712.6427896022379 23.055081054858242
