0.5660722890537327 13698245.015387774
0.7126427896022374 16476925.259545848
0.8971641173621409 14451543.031651422
1.1294627058970836 8277632.998490138
1.4219093021276406 9680169.294821886
1.7900777537149968 5631295.045437565
2.25357437323923 4559153.607446014
2.8370820458389803 2611416.6676544785
3.5716746828516763 1963213.0432648445
4.496472020903847 1224455.3243065279
5.660722890537327 791758.5618894123
7.126427896022376 499800.0662062233
8.971641173621409 316557.6092647461
11.294627058970837 171415.98334373307
14.219093021276404 100258.89626779825
17.900777537149963 56139.67983759296
22.535743732392305 28266.752366165256
28.3708204583898 13949.317366387682
35.71674682851676 8321.841955617088
44.964720209038475 3700.6975649799947
56.607228905373276 1624.611858824989
71.26427896022375 576.6923840841039
89.71641173621413 202.3216024431191
112.94627058970849 127.26860735178523
142.19093021276416 89.88728630906049
179.00777537149975 66.10274030259781
225.35743732392314 71.94778597655261
283.70820458389824 51.46667015835682
357.16746828516796 72.84611064425476
449.6472020903851 77.39213607826704
566.0722890537331 43.90835457232383
712.6427896022379 83.91698034686674
