0.5660722890537327 25399572.25029763
0.7126427896022374 23145347.911714
0.8971641173621409 28420374.583471086
1.1294627058970836 24708856.283101276
1.4219093021276406 26078748.65253206
1.7900777537149968 19861069.067405526
2.25357437323923 17273315.92657696
2.8370820458389803 14214625.432687584
3.5716746828516763 9900324.303324006
4.496472020903847 6721852.9826000985
5.660722890537327 4382580.739187713
7.126427896022376 2770498.1450321614
8.971641173621409 1639681.6111729168
11.294627058970837 968005.7814438489
14.219093021276404 561348.7070290848
17.900777537149963 322961.42825417145
22.535743732392305 193007.34787450594
28.3708204583898 123089.48552098896
35.71674682851676 71710.70556195965
44.964720209038475 42026.55442582458
56.607228905373276 25360.318365910793
71.26427896022375 16569.754569996032
89.71641173621413 9694.827778830964
112.94627058970849 6537.381987654845
142.19093021276416 3354.3972568485974
179.00777537149975 1158.4406645381923
225.35743732392314 396.66413416984574
283.70820458389824 221.96825417598
357.16746828516796 95.67555742710859
449.6472020903851 75.36860379873542
566.0722890537331 44.929534258753606
712.6427896022379 22.42437032426404
