0.5660722890537327 5479298.006155109
0.7126427896022374 9611539.734735077
0.8971641173621409 7569855.873722173
1.1294627058970836 5863323.373930515
1.4219093021276406 4321504.149474056
1.7900777537149968 3118871.1020884975
2.25357437323923 1432876.8480544614
2.8370820458389803 1001043.0559342167
3.5716746828516763 599870.6521087025
4.496472020903847 306113.83107663196
5.660722890537327 191775.4302154286
7.126427896022376 89250.01182253986
8.971641173621409 37161.11065281802
11.294627058970837 22763.490745847852
14.219093021276404 10717.330290695674
17.900777537149963 3292.141718871192
22.535743732392305 2127.6050168081374
28.3708204583898 1131.6138893169416
35.71674682851676 850.7256520814324
44.964720209038475 579.4297516807673
56.607228905373276 487.65752254780443
71.26427896022375 472.33852410698034
89.71641173621413 386.75081827562224
112.94627058970849 408.0183265505744
142.19093021276416 377.87232283001197
179.00777537149975 559.5774568997106
225.35743732392314 417.8789935053364
283.70820458389824 763.7523280666769
357.16746828516796 2519.282231030475
449.6472020903851 825.6218003241487
566.0722890537331 208.18592774386272
712.6427896022379 83.1384456283532
