0.5660722890537327 10958596.012310218
0.7126427896022374 24715387.88931877
0.8971641173621409 15827880.46323727
1.1294627058970836 12761350.872672295
1.4219093021276406 15557414.938106602
1.7900777537149968 10916048.857309742
2.25357437323923 8163055.9828557195
2.8370820458389803 4983453.474107296
3.5716746828516763 3304741.956162488
4.496472020903847 2066268.3597672656
5.660722890537327 1378043.4485480085
7.126427896022376 882888.5784906637
8.971641173621409 522320.05528683105
11.294627058970837 321103.18006642954
14.219093021276404 178564.55145626827
17.900777537149963 112885.80683392534
22.535743732392305 68083.3605378604
28.3708204583898 36929.78404174711
35.71674682851676 18792.311519696257
44.964720209038475 9877.637370633458
56.607228905373276 4306.728232837913
71.26427896022375 2404.2580107887284
89.71641173621413 1015.737024510353
112.94627058970849 527.3542022788066
142.19093021276416 209.85224149846044
179.00777537149975 132.03220998841292
225.35743732392314 102.776348464997
283.70820458389824 49.31225140754188
357.16746828516796 43.147059995309455
449.6472020903851 29.917160669328684
566.0722890537331 23.50070914839919
712.6427896022379 38.54227433628754
