0.5660722890537327 25399572.25029763 11083449.709220782 40177505.19592534
0.7126427896022374 20830813.120542597 16664650.496434081 24765522.26553398
0.8971641173621409 20010263.73734189 16240214.047697762 22852301.195688993
1.1294627058970836 15697391.05044081 13953236.489280721 20522885.336317062
1.4219093021276406 13913522.325792246 11830136.260254769 15647249.191519238
1.7900777537149968 10295627.715088895 9200348.170930501 14107200.528760102
2.25357437323923 8051121.8301841775 7187456.033855328 10063902.287730223
2.8370820458389803 5695020.899160638 5476757.618323242 6867039.692900945
3.5716746828516763 3552901.8971538795 3255984.0930709033 4451009.310742324
4.496472020903847 2255207.0150669967 2184717.3984571397 3043492.8583314773
5.660722890537327 1493956.6587220496 1347100.9500748743 1764115.7453843062
7.126427896022376 924078.0153751799 861932.756232228 1055196.4112950396
8.971641173621409 554487.3081999676 513422.7669650746 679652.9578961527
11.294627058970837 329354.51963239664 287378.5331938105 396097.500839456
14.219093021276404 183716.77123375965 172498.53857317322 242401.2402686196
17.900777537149963 113324.92350225506 102751.82496931271 133697.1230236012
22.535743732392305 66732.82116973106 60237.02969310519 88613.5745436725
28.3708204583898 36820.46523370367 34775.39331661378 46513.92270618806
35.71674682851676 20669.340014878384 17719.466227564855 26082.804250929927
44.964720209038475 10571.138909236406 9288.965033254497 13541.377852267444
56.607228905373276 5732.22164648762 4378.886255951309 7077.70626014657
71.26427896022375 2900.1120933377606 2038.6422440637664 6818.850948270053
89.71641173621413 1538.4702771970765 1229.8482095263641 2536.953437308205
112.94627058970849 747.5155756705249 479.40995037753436 1651.2492615356218
142.19093021276416 510.939505723073 176.40306630439028 1039.536801036576
179.00777537149975 381.4493559122292 80.45193345024772 482.84303424678546
225.35743732392314 268.59640305743915 61.25439872437382 298.3599366232972
283.70820458389824 190.0632981241607 30.853990842408987 267.98695767354513
357.16746828516796 71.30163923744887 28.255911646756953 296.375446484186
449.6472020903851 96.64218580501091 48.39089144444267 404.61869223665144
566.0722890537331 56.51404825691204 32.45695885264386 678.5777431013767
712.6427896022379 30.49168133889193 25.09464911283847 346.0548918602416
