0.5660722890537327 10958596.012310218
0.7126427896022374 20596156.57443231
0.8971641173621409 12387036.884272648
1.1294627058970836 10691942.623049762
1.4219093021276406 11408770.954611508
1.7900777537149968 9529883.923048187
2.25357437323923 6122291.98714179
2.8370820458389803 4200028.473810953
3.5716746828516763 2977539.782285014
4.496472020903847 1661760.7972731448
5.660722890537327 865729.0849725063
7.126427896022376 536873.1480402014
8.971641173621409 309675.92210681684
11.294627058970837 160034.23797080913
14.219093021276404 87985.82448329192
17.900777537149963 53107.444043895804
22.535743732392305 28093.070323976837
28.3708204583898 14972.122227885688
35.71674682851676 7656.530868732892
44.964720209038475 3804.557614809566
56.607228905373276 1909.5353551450546
71.26427896022375 1020.196288986879
89.71641173621413 366.7939255176275
112.94627058970849 253.15760920382212
142.19093021276416 242.6956730344633
179.00777537149975 196.8354206651405
225.35743732392314 464.16525774855006
283.70820458389824 96.75298753659806
357.16746828516796 195.54692584830718
449.6472020903851 52.79370322389484
566.0722890537331 21.692540806368008
712.6427896022379 27.81030368390338
