0.5660722890537327 21917192.024620436
0.7126427896022374 10984616.83969723
0.8971641173621409 15827880.46323727
1.1294627058970836 8967435.748364316
1.4219093021276406 4321504.149474056
1.7900777537149968 3378777.027262539
2.25357437323923 2605230.6328262934
2.8370820458389803 1653897.2228478363
3.5716746828516763 578057.1738502042
4.496472020903847 481036.0202632788
5.660722890537327 230130.5162585143
7.126427896022376 118084.63102674506
8.971641173621409 72945.88387405018
11.294627058970837 35179.94024358304
14.219093021276404 13828.813278317
17.900777537149963 7277.365904873161
22.535743732392305 2084.1845062610328
28.3708204583898 1458.0409727737515
35.71674682851676 349.0156521359723
44.964720209038475 163.9895523624813
56.607228905373276 106.84631112002457
71.26427896022375 83.75770340269129
89.71641173621413 80.51573974777189
