0.5660722890537327 25399572.25029763
0.7126427896022374 20830813.120542597
0.8971641173621409 26100344.00522855
1.1294627058970836 12790466.78184066
1.4219093021276406 9469936.661533989
1.7900777537149968 7155826.3551681675
2.25357437323923 4940461.123067563
2.8370820458389803 3264778.486475342
3.5716746828516763 2013157.8666926252
4.496472020903847 1055040.6669057042
5.660722890537327 780459.5836909626
7.126427896022376 531185.7345738354
8.971641173621409 290583.82992487843
11.294627058970837 210752.00947351064
14.219093021276404 128354.06459709932
17.900777537149963 81561.81672166166
22.535743732392305 47282.042748172484
28.3708204583898 28264.1777958343
35.71674682851676 14809.120197451226
44.964720209038475 9753.367213272379
56.607228905373276 5091.459710173294
71.26427896022375 1929.1647484413593
89.71641173621413 1284.1369250572393
112.94627058970849 535.746142703005
142.19093021276416 195.37207789410917
179.00777537149975 89.66688534843367
225.35743732392314 47.75779085631965
283.70820458389824 45.89031333236671
357.16746828516796 108.09462718921694
449.6472020903851 62.4132572688715
566.0722890537331 51.31406310166931
712.6427896022379 21.184936943591758
