0.5660722890537327 13698245.015387774
0.7126427896022374 23342310.784356616
0.8971641173621409 16516049.179030197
1.1294627058970836 8622534.373427227
1.4219093021276406 11927351.452548394
1.7900777537149968 6064471.587394301
2.25357437323923 5514404.839482321
2.8370820458389803 2763749.30660099
3.5716746828516763 1908679.3476185987
4.496472020903847 1147926.8665373698
5.660722890537327 717788.0388063185
7.126427896022376 380342.35807451606
8.971641173621409 247740.73768545347
11.294627058970837 119335.87572823268
14.219093021276404 73984.15103899594
17.900777537149963 44703.81912993513
22.535743732392305 28874.639513824724
28.3708204583898 13470.55764398436
35.71674682851676 5944.172825440778
44.964720209038475 3476.5785100846037
56.607228905373276 1909.5353551450546
71.26427896022375 1241.2617028857856
89.71641173621413 564.2983469501961
112.94627058970849 220.04707720986175
142.19093021276416 95.24595145440833
179.00777537149975 68.26862301238148
225.35743732392314 34.953510990419346
283.70820458389824 30.33595695591941
357.16746828516796 29.513636083748075
449.6472020903851 26.01420932310163
566.0722890537331 28.24304157272642
712.6427896022379 20.690898894674635
