0.5660722890537327 9236208.091017319
0.7126427896022374 20830813.120542597
0.8971641173621409 17400229.33681903
1.1294627058970836 20057777.453341037
1.4219093021276406 13840676.65916506
1.7900777537149968 7739975.445385977
2.25357437323923 7099625.613889683
2.8370820458389803 5080582.251425111
3.5716746828516763 3557498.1479910775
4.496472020903847 2266724.9262777576
5.660722890537327 1558610.1153591708
7.126427896022376 939701.1252155869
8.971641173621409 588707.7592290451
11.294627058970837 370923.5366733787
14.219093021276404 226550.0232105442
17.900777537149963 118436.22804166088
22.535743732392305 68434.53555656543
28.3708204583898 40369.53622883277
35.71674682851676 23192.681724499962
44.964720209038475 12098.41393578331
56.607228905373276 6165.168900754057
71.26427896022375 2865.3940714701894
89.71641173621413 1801.5037440053231
112.94627058970849 736.6146096632743
142.19093021276416 504.0920130601176
179.00777537149975 437.16257539175274
225.35743732392314 275.53134663389324
283.70820458389824 263.3282288220579
357.16746828516796 294.08651356726153
449.6472020903851 375.79258549125575
566.0722890537331 923.3668133792261
712.6427896022379 1241.2780649008444
