0.5660722890537327 8218947.009232664
0.7126427896022374 6865385.52481077
0.8971641173621409 9634362.021100948
1.1294627058970836 8967435.748364316
1.4219093021276406 3111482.9876213204
1.7900777537149968 3118871.1020884975
2.25357437323923 1519717.8691486712
2.8370820458389803 1109852.0837531534
3.5716746828516763 534430.2173332077
4.496472020903847 377175.97043370723
5.660722890537327 172597.88719388575
7.126427896022376 85130.78050765341
8.971641173621409 59182.50955819166
11.294627058970837 33800.33474383469
14.219093021276404 18841.758091706914
17.900777537149963 10396.237006961659
22.535743732392305 5123.620244558372
28.3708204583898 2089.133334123584
35.71674682851676 1003.4199998909203
44.964720209038475 426.3728361424514
56.607228905373276 205.4736752308165
71.26427896022375 105.72693708208573
89.71641173621413 101.16080122155955
112.94627058970849 103.8153138560633
142.19093021276416 84.87434149567058
179.00777537149975 37.07991199149654
225.35743732392314 48.1967667072863
283.70820458389824 31.92456876207588
357.16746828516796 46.36454803843794
449.6472020903851 102.68479137097376
566.0722890537331 84.57570437400692
712.6427896022379 43.83685965302159
