0.5660722890537327 35615437.04000821
0.7126427896022374 23342310.784356616
0.8971641173621409 29591254.77909577
1.1294627058970836 13796054.997483563
1.4219093021276406 10198749.792758772
1.7900777537149968 9010072.072700104
2.25357437323923 5992030.455500475
2.8370820458389803 3743030.556971419
3.5716746828516763 2170441.086720578
4.496472020903847 1443108.0607898363
5.660722890537327 819155.0519201879
7.126427896022376 508038.52883599617
8.971641173621409 312428.59696998855
11.294627058970837 169001.67371917344
14.219093021276404 97493.13361213484
17.900777537149963 60038.26871520358
22.535743732392305 33390.37261072363
28.3708204583898 15864.356256000969
35.71674682851676 7492.929781794155
44.964720209038475 4383.987366490333
56.607228905373276 2810.8798771575694
71.26427896022375 1481.5501962541623
89.71641173621413 812.039084635648
112.94627058970849 302.4785058198256
142.19093021276416 118.4092136955893
179.00777537149975 79.96438964521333
225.35743732392314 34.30220333221277
283.70820458389824 25.43955070406728
357.16746828516796 29.12099347509511
449.6472020903851 125.88384671185278
566.0722890537331 27.14170267348925
712.6427896022379 16.481044490860683
