0.5660722890537327 8218947.009232664
0.7126427896022374 9611539.734735077
0.8971641173621409 6881687.157929248
1.1294627058970836 8622534.373427227
1.4219093021276406 6222965.975242641
1.7900777537149968 5111483.195089483
2.25357437323923 2865753.696108923
2.8370820458389803 1915038.8896132843
3.5716746828516763 1352435.6520268929
4.496472020903847 852745.6722849034
5.660722890537327 454781.73451087356
7.126427896022376 303450.0401966355
8.971641173621409 175483.02252719618
11.294627058970837 114852.15785405053
14.219093021276404 66378.3037359216
17.900777537149963 37686.359150236014
22.535743732392305 18583.978514160874
28.3708204583898 9531.670836938853
35.71674682851676 4144.560869114671
44.964720209038475 1787.4861207510462
56.607228905373276 1021.8890781479273
71.26427896022375 410.5500543836835
89.71641173621413 343.3961891806681
112.94627058970849 543.2196655259127
142.19093021276416 361.27774689603154
179.00777537149975 467.22421815453464
225.35743732392314 186.23056973653237
283.70820458389824 446.3999175299676
357.16746828516796 72.3880276008263
449.6472020903851 55.98603317655114
566.0722890537331 48.889036459918806
712.6427896022379 41.8596286218761
