0.5660722890537327 23287016.526159212 17643339.579819452 26081458.50929832
0.7126427896022374 31580773.41412954 20376464.23763836 42071082.4960404
0.8971641173621409 27870832.98961346 23315156.091064297 31352966.691525653
1.1294627058970836 27937011.369904213 22211648.545948535 28461261.459808588
1.4219093021276406 24632573.65200212 19063019.104159955 24808891.021300662
1.7900777537149968 21615509.443641115 16474570.243698575 22656865.85050511
2.25357437323923 16412952.986805648 13859826.966635881 17611359.077905744
2.8370820458389803 12534800.004741497 9107750.86455627 15192351.700191204
3.5716746828516763 8730844.672963934 6332889.008007219 10760152.555352028
4.496472020903847 5665839.034123733 4458766.602367627 7293599.330873723
5.660722890537327 3557434.2304962007 2759593.647819956 4754167.708020536
7.126427896022376 2198296.445044405 1759186.3868775088 3047242.5575004043
8.971641173621409 1377025.6003016455 1124660.3688460635 1862707.5531596611
11.294627058970837 842421.6082838391 656443.8888902622 1129193.3054890307
14.219093021276404 532927.8917131413 421792.63380194677 703119.0967293887
17.900777537149963 313489.86341408966 233146.01111812214 401176.9244493078
22.535743732392305 180043.14698357024 130322.32035608048 235137.6959963697
28.3708204583898 107884.15108247573 81569.3405586328 136303.76344044815
35.71674682851676 64556.988906025625 49446.35624679871 78051.24282629782
44.964720209038475 39513.282641739876 31104.007722960072 43357.52572822116
56.607228905373276 21424.055204066462 18177.790307339812 23980.80523969856
71.26427896022375 12570.520895928505 11014.65976675379 14441.970066907717
89.71641173621413 6605.0433341804655 6061.445102201321 7440.645315644864
112.94627058970849 3088.591812561617 2558.3542347883367 4941.346814503661
142.19093021276416 1185.8207386156826 988.9883248187576 1802.2470049033018
179.00777537149975 734.4508268876447 565.361230087917 791.1848249408022
225.35743732392314 331.4504672613243 249.73567164230596 417.6132599807881
283.70820458389824 150.77666984869987 135.2853109400623 199.99012265898216
357.16746828516796 72.75885673122077 53.44040411592959 83.22409106051788
449.6472020903851 60.605072234761025 37.061638833920796 106.52170959078285
566.0722890537331 53.46288047055677 31.626288919606942 84.65066117073113
712.6427896022379 32.82066203991027 23.976068252922875 96.58043110125908
