0.5660722890537327 13698245.015387774
0.7126427896022374 13730771.04962154
0.8971641173621409 5505349.726343399
1.1294627058970836 6208224.748867604
1.4219093021276406 3630063.485558207
1.7900777537149968 3725318.260827928
2.25357437323923 2778912.675014713
2.8370820458389803 1719182.6395391983
3.5716746828516763 1090673.9129249137
4.496472020903847 688756.1199224219
5.660722890537327 364373.31740931433
7.126427896022376 177126.94654011758
8.971641173621409 115612.34425321162
11.294627058970837 65186.359863109756
14.219093021276404 32324.851038065986
17.900777537149963 13255.202183876114
22.535743732392305 8814.363641062284
28.3708204583898 3938.886807045508
35.71674682851676 2072.2804345573354
44.964720209038475 934.7404484661434
56.607228905373276 402.7284034524003
71.26427896022375 188.11156337981484
89.71641173621413 61.247015705570064
112.94627058970849 50.35560074081476
142.19093021276416 20.397499585517572
179.00777537149975 30.755534478928205
225.35743732392314 13.28667622741406
283.70820458389824 18.802200007112173
357.16746828516796 22.555136519287146
449.6472020903851 7.226472940773346
566.0722890537331 8.084704208081838
712.6427896022379 5.934439247646411
