0.5660722890537327 46574033.05231843
0.7126427896022374 19223079.469470154
0.8971641173621409 30279423.494888693
1.1294627058970836 21383885.246099524
1.4219093021276406 14865974.274190754
1.7900777537149968 11002684.16570109
2.25357437323923 7598589.345743356
2.8370820458389803 4939929.862979722
3.5716746828516763 3773731.738720201
4.496472020903847 2219325.2753055817
5.660722890537327 1317771.1704803023
7.126427896022376 887007.80980555
8.971641173621409 527825.4050131744
11.294627058970837 330760.41856466804
14.219093021276404 191356.20373871148
17.900777537149963 103442.5582192685
22.535743732392305 61049.237829229416
28.3708204583898 39040.67918143448
35.71674682851676 17472.596085057114
44.964720209038475 11195.020107945391
56.607228905373276 7084.732321958552
71.26427896022375 3487.6158466038664
89.71641173621413 1507.0894875864994
112.94627058970849 514.5928514061344
142.19093021276416 109.59334523066221
179.00777537149975 50.68165540893803
225.35743732392314 25.83520377552734
283.70820458389824 17.88820417343311
357.16746828516796 14.189667607153085
449.6472020903851 14.354552150129203
566.0722890537331 20.2295682387246
712.6427896022379 7.807316418814783
