0.5660722890537327 0.0
0.7126427896022374 8238462.629772924
0.8971641173621409 8258024.589515098
1.1294627058970836 5863323.373930515
1.4219093021276406 3630063.485558207
1.7900777537149968 3205506.410479845
2.25357437323923 2474969.1011849786
2.8370820458389803 1653897.2228478363
3.5716746828516763 850725.6520814326
4.496472020903847 491968.6570874442
5.660722890537327 235609.81426466943
7.126427896022376 166142.32970042038
8.971641173621409 102537.13865314602
11.294627058970837 45182.08011675862
14.219093021276404 33362.01203393976
17.900777537149963 16893.885136312696
22.535743732392305 8032.794451214397
28.3708204583898 3721.2687514076347
35.71674682851676 1799.611956326107
44.964720209038475 934.7404484661434
56.607228905373276 517.7936615816576
71.26427896022375 179.87310075004194
89.71641173621413 80.51573974777189
112.94627058970849 36.90444711826835
142.19093021276416 51.85804979368874
179.00777537149975 38.379441617366744
225.35743732392314 21.62341425245818
283.70820458389824 19.085103479441408
357.16746828516796 16.480082824295398
449.6472020903851 9.478596126551423
566.0722890537331 12.566769977116703
712.6427896022379 10.383209067723776
