0.5660722890537327 10958596.012310218
0.7126427896022374 10984616.83969723
0.8971641173621409 8258024.589515098
1.1294627058970836 7587830.24861596
1.4219093021276406 5877245.643284717
1.7900777537149968 3465412.335653886
2.25357437323923 2388128.080090769
2.8370820458389803 1153375.694880728
3.5716746828516763 807098.695564436
4.496472020903847 453704.42820286524
5.660722890537327 287663.1453231429
7.126427896022376 190857.7175897391
8.971641173621409 110106.9945268682
11.294627058970837 51735.2062405633
14.219093021276404 25064.724066949562
17.900777537149963 14121.555267789587
22.535743732392305 7772.271387931768
28.3708204583898 3851.8395847903585
35.71674682851676 3152.0476083529998
44.964720209038475 1164.3258217736172
56.607228905373276 424.6455954770207
71.26427896022375 284.22696072716553
89.71641173621413 651.6957738558972
112.94627058970849 343.1768680624019
142.19093021276416 71.3912485493115
179.00777537149975 32.4016053383638
225.35743732392314 33.6074751634591
283.70820458389824 13.122368754963704
357.16746828516796 13.38256891158865
449.6472020903851 17.218902998060543
566.0722890537331 8.84084733293124
712.6427896022379 9.611539734735048
