0.5660722890537327 18472416.182034638
0.7126427896022374 16201743.5381998
0.8971641173621409 13920183.469455225
1.1294627058970836 17150853.184740886
1.4219093021276406 11946689.326858263
1.7900777537149968 10003553.16997999
2.25357437323923 5086845.156343639
2.8370820458389803 3796680.599440426
3.5716746828516763 2252162.9102269094
4.496472020903847 1571043.0891477955
5.660722890537327 976729.0056250804
7.126427896022376 609879.9174736629
8.971641173621409 358444.7243384728
11.294627058970837 227902.86265825148
14.219093021276404 144962.87658809742
17.900777537149963 80320.49990494881
22.535743732392305 46440.33455683505
28.3708204583898 25733.05739620735
35.71674682851676 16344.267977075282
44.964720209038475 8721.362368788197
56.607228905373276 5112.2411783780835
71.26427896022375 3055.185924346244
89.71641173621413 1445.9590578896557
112.94627058970849 641.84887850691
142.19093021276416 766.3364129179822
179.00777537149975 1018.9020506124132
225.35743732392314 157.17985573018612
283.70820458389824 81.160925857603
357.16746828516796 85.05821799318176
449.6472020903851 172.68573920069693
566.0722890537331 80.77294880796896
712.6427896022379 33.88710387754036
