0.5660722890537327 43834384.04924087
0.7126427896022374 39819236.043902464
0.8971641173621409 25462242.48433822
1.1294627058970836 24832898.995470416
1.4219093021276406 20916080.08345443
1.7900777537149968 15161178.968485752
2.25357437323923 10551184.06294649
2.8370820458389803 7681917.364016924
3.5716746828516763 4471763.042992146
4.496472020903847 2700361.2955688606
5.660722890537327 1802689.0440250288
7.126427896022376 1079238.6045002514
8.971641173621409 634491.555961078
11.294627058970837 396981.48255258903
14.219093021276404 249091.49917568496
17.900777537149963 147280.02426529015
22.535743732392305 88621.262026641
28.3708204583898 50726.76876918828
35.71674682851676 27768.557823068295
44.964720209038475 13742.324487975933
56.607228905373276 5799.83693951518
71.26427896022375 2967.219623823211
89.71641173621413 1755.5183939877443
112.94627058970849 891.2251528374338
142.19093021276416 606.7391825861583
179.00777537149975 459.3404050909221
225.35743732392314 372.5045599836119
283.70820458389824 334.0219535985703
357.16746828516796 364.54684865602206
449.6472020903851 615.6933080265242
566.0722890537331 741.5407956629994
712.6427896022379 141.88280340994885
