0.5660722890537327 25399572.25029763
0.7126427896022374 31246219.680813897
0.8971641173621409 24940328.71610728
1.1294627058970836 23836779.00252123
1.4219093021276406 19959712.65584856
1.7900777537149968 11390907.259247286
2.25357437323923 8819638.004883576
2.8370820458389803 5025557.894911482
3.5716746828516763 3015140.54920174
4.496472020903847 1824437.1357845366
5.660722890537327 1175307.4795819526
7.126427896022376 671215.0894397049
8.971641173621409 412965.4429271725
11.294627058970837 243018.86885497224
14.219093021276404 125294.54659875757
17.900777537149963 63599.232197464014
22.535743732392305 36852.18037725209
28.3708204583898 19790.426892735373
35.71674682851676 10773.61196239158
44.964720209038475 5187.667209326735
56.607228905373276 2322.9063348908544
71.26427896022375 1181.5700108929982
89.71641173621413 448.3459092453686
112.94627058970849 187.49661532470876
142.19093021276416 100.38132861226042
179.00777537149975 37.02044859255364
225.35743732392314 50.1731274053749
283.70820458389824 81.9129253966226
357.16746828516796 157.7984837426735
449.6472020903851 437.9708773714277
566.0722890537331 96.85549614645281
712.6427896022379 224.44853957165904
