0.5660722890537327 25399572.25029763 23829416.87482468 25399572.25029763
0.7126427896022374 23145347.911714 18423696.937724344 32588649.85969331
0.8971641173621409 25520336.360667914 18026637.592944518 27492362.352174073
1.1294627058970836 19185700.17276099 17604333.370642506 22941446.327792384
1.4219093021276406 23893378.653716527 21218485.77516631 25379430.252911087
1.7900777537149968 19861069.067405526 16137118.617266988 19960374.412742555
2.25357437323923 16724375.801791677 14733552.949237045 17097655.08664567
2.8370820458389803 13205845.563271048 10848602.130227163 13891815.874474294
3.5716746828516763 9459084.22295302 7727584.607563874 9759127.47760529
4.496472020903847 6721852.9826000985 5684872.400472867 6837769.241025196
5.660722890537327 4297145.814345803 3502647.1943564937 4355241.563238301
7.126427896022376 2639726.9293309776 2216352.2253299057 2728651.3560077827
8.971641173621409 1639681.6111729168 1364386.7827586567 1656641.0346998698
11.294627058970837 968005.7814438489 820345.6562960357 988958.8915719187
14.219093021276404 561348.7070290848 505076.8864729172 573435.2600358672
17.900777537149963 322961.42825417145 302405.22176940675 335672.512457311
22.535743732392305 193007.34787450594 188677.3081701996 195520.76172585617
28.3708204583898 115587.83158296417 111035.4831540699 120688.95626082103
35.71674682851676 67059.29971471551 64777.72079913053 70222.25569084153
44.964720209038475 36926.42334169963 34567.370839156414 40394.512478904595
56.607228905373276 19650.032713639335 17710.89082493025 23533.026957183924
71.26427896022375 10217.513835626132 9195.276399757373 14537.037534997664
89.71641173621413 4873.804237242991 4611.524780372673 8152.100245522812
112.94627058970849 2434.5490749526134 2159.1935805337343 5224.475455590131
142.19093021276416 1120.0749700595907 1032.8932762401762 2639.414125076115
179.00777537149975 791.5220172451311 540.9249782871422 1041.0266974044127
225.35743732392314 382.8308430252566 266.0441974372708 392.2374810035772
283.70820458389824 153.51795467302534 128.8978565945671 200.0641583350345
357.16746828516796 61.74603374691472 60.34583189187079 84.81810984944654
449.6472020903851 75.36860379873542 49.318774371581576 109.83019414133221
566.0722890537331 44.929534258753606 42.09069333989853 69.42395811613146
712.6427896022379 28.585661938362286 24.395983640775476 88.81110705342915
