0.5660722890537327 38355086.04308576
0.7126427896022374 35700004.729016
0.8971641173621409 27526748.631716993
1.1294627058970836 20004279.746351168
1.4219093021276406 16940296.2659383
1.7900777537149968 12822025.64191938
2.25357437323923 9509091.809815971
2.8370820458389803 5636307.641020916
3.5716746828516763 3566503.6952644675
4.496472020903847 2514506.469558048
5.660722890537327 1328729.7664926124
7.126427896022376 784027.0269333887
8.971641173621409 475524.58261291205
11.294627058970837 277300.70544941927
14.219093021276404 166810.06016969882
17.900777537149963 105175.26438709545
22.535743732392305 64436.03765190359
28.3708204583898 37147.402097384984
35.71674682851676 24147.52043215758
44.964720209038475 14365.484786953362
56.607228905373276 5649.156244345914
71.26427896022375 2761.258058078888
89.71641173621413 1240.0800258588456
112.94627058970849 534.2522297775483
142.19093021276416 297.8380659817523
179.00777537149975 211.04361124132143
225.35743732392314 118.62483481469025
283.70820458389824 77.45026600151878
357.16746828516796 45.05573934292805
449.6472020903851 35.3178832604664
566.0722890537331 29.440268187071307
712.6427896022379 20.291333457130648
