0.5660722890537327 11545260.11377165
0.7126427896022374 15044476.142614098
0.8971641173621409 15660206.403137129
1.1294627058970836 15697391.05044081
1.4219093021276406 8887171.328516513
1.7900777537149968 7155826.3551681675
2.25357437323923 4501309.023239335
2.8370820458389803 3723314.7907555867
3.5716746828516763 2132660.388459767
4.496472020903847 1455863.9770401858
5.660722890537327 925929.8611244851
7.126427896022376 593678.1739354632
8.971641173621409 320744.2274420315
11.294627058970837 185461.76833668936
14.219093021276404 111599.56127284685
17.900777537149963 58780.00220316709
22.535743732392305 30264.898879828674
28.3708204583898 17681.159893046246
35.71674682851676 10084.174336811915
44.964720209038475 5256.774676591301
56.607228905373276 2576.9020573938305
71.26427896022375 1215.1307653649833
89.71641173621413 522.0068801045688
112.94627058970849 317.4361301311348
142.19093021276416 180.22017923565477
179.00777537149975 127.19846439492788
225.35743732392314 109.97100499865176
283.70820458389824 143.13669274412064
357.16746828516796 31.91636581350125
449.6472020903851 18.45169375963906
566.0722890537331 48.18298855881445
712.6427896022379 18.817167852223424
