0.5660722890537327 16163364.15928031
0.7126427896022374 21988080.516128298
0.8971641173621409 21460282.848743472
1.1294627058970836 13081159.208700676
1.4219093021276406 13403602.659401953
1.7900777537149968 7593938.172831525
2.25357437323923 6733665.530699493
2.8370820458389803 4310241.2602343
3.5716746828516763 3153028.074317673
4.496472020903847 1994902.221703799
5.660722890537327 1239960.9362190736
7.126427896022376 749909.2723395324
8.971641173621409 453565.978046417
11.294627058970837 287494.8101645545
14.219093021276404 161280.30591258677
17.900777537149963 85358.78580807743
22.535743732392305 48233.53896446698
28.3708204583898 24247.399770339354
35.71674682851676 11830.749654947069
44.964720209038475 6150.564586546351
56.607228905373276 2606.919733689637
71.26427896022375 1674.5659214125058
89.71641173621413 1719.722666122274
112.94627058970849 1087.1896764564508
142.19093021276416 399.48563578348046
179.00777537149975 115.00435213663113
225.35743732392314 67.66601938186592
283.70820458389824 37.948464542232905
357.16746828516796 44.94214068611971
449.6472020903851 33.503300129861486
566.0722890537331 87.13207807863436
712.6427896022379 229.90389807445
