0.5660722890537327 10958596.012310218
0.7126427896022374 21969233.67939446
0.8971641173621409 17892386.610616047
1.1294627058970836 17589970.12179154
1.4219093021276406 13137372.61440113
1.7900777537149968 11609131.324440518
2.25357437323923 8770943.130515188
2.8370820458389803 6833206.947029219
3.5716746828516763 4220908.043019416
4.496472020903847 2552770.698442627
5.660722890537327 1389002.0445603186
7.126427896022376 782653.9498284266
8.971641173621409 506492.17482359376
11.294627058970837 281094.62057372724
14.219093021276404 174761.62780473108
17.900777537149963 98764.25156613576
22.535743732392305 62265.01212454835
28.3708204583898 37082.11668069362
35.71674682851676 23089.566736620414
44.964720209038475 14141.365732057971
56.607228905373276 5829.973078549033
71.26427896022375 2861.492686741125
89.71641173621413 1153.3707676689373
112.94627058970849 534.2522297775483
142.19093021276416 308.0368157745111
179.00777537149975 205.93212804623195
225.35743732392314 120.8392808525926
283.70820458389824 78.47307086301677
357.16746828516796 47.37887477745811
449.6472020903851 35.38894539982348
566.0722890537331 29.14712574374201
712.6427896022379 20.524756564974215
