0.5660722890537327 16437894.018465327
0.7126427896022374 13730771.04962154
0.8971641173621409 16516049.179030197
1.1294627058970836 12071548.122798119
1.4219093021276406 10544470.124716697
1.7900777537149968 7537271.830047202
2.25357437323923 5861768.92385916
2.8370820458389803 3198985.4178767363
3.5716746828516763 2039560.2171695884
4.496472020903847 1344714.3293723476
5.660722890537327 657515.7607386124
7.126427896022376 359746.2015000838
8.971641173621409 218837.65162215056
11.294627058970837 128648.21285153407
14.219093021276404 72082.68921322736
17.900777537149963 43404.289504064924
22.535743732392305 29222.00359820156
28.3708204583898 15255.025700214923
35.71674682851676 4984.379782066854
44.964720209038475 3651.5006992712506
56.607228905373276 1967.0679842096831
71.26427896022375 1097.0886068647596
89.71641173621413 573.932708971297
112.94627058970849 232.1186253326598
142.19093021276416 97.32027344615587
179.00777537149975 68.00871708720744
225.35743732392314 34.34562384275988
283.70820458389824 30.684145844940005
357.16746828516796 29.502729344618828
449.6472020903851 25.97594509421705
566.0722890537331 28.270438062757197
712.6427896022379 20.640095041791035
