0.5660722890537327 8218947.009232664
0.7126427896022374 19223079.469470154
0.8971641173621409 8946193.305308023
1.1294627058970836 11036843.997986851
1.4219093021276406 10890190.45667462
1.7900777537149968 8403624.913960675
2.25357437323923 7511748.324649146
2.8370820458389803 5549260.418765767
3.5716746828516763 3195674.564869997
4.496472020903847 2148263.135948506
5.660722890537327 1361605.554529543
7.126427896022376 738715.4824696376
8.971641173621409 383309.97469665995
11.294627058970837 226255.30195873015
14.219093021276404 123595.01867495819
17.900777537149963 72253.84719838353
22.535743732392305 42812.62339944538
28.3708204583898 22001.185424989
35.71674682851676 12891.765650772475
44.964720209038475 6657.975825916741
56.607228905373276 3342.3717837546146
71.26427896022375 1632.588677799999
89.71641173621413 662.0183045927911
112.94627058970849 350.76469831101787
142.19093021276416 211.58084315825008
179.00777537149975 156.72327287994682
225.35743732392314 332.9484748751994
283.70820458389824 62.543429190324524
357.16746828516796 33.85451825718922
449.6472020903851 20.952398473513036
566.0722890537331 62.30235797898647
712.6427896022379 20.335271924489437
