0.5660722890537327 27396490.030775547
0.7126427896022374 24715387.88931877
0.8971641173621409 17204217.894823123
1.1294627058970836 17245068.746854454
1.4219093021276406 10717330.29069566
1.7900777537149968 9269977.997874146
2.25357437323923 7859112.409025986
2.8370820458389803 3764792.3625352066
3.5716746828516763 2748498.2605707822
4.496472020903847 1355646.966196513
5.660722890537327 808196.4559078777
7.126427896022376 483323.1409466774
8.971641173621409 291095.3667804078
11.294627058970837 128303.31147659698
14.219093021276404 66205.44356994264
17.900777537149963 31621.88756284171
22.535743732392305 17107.681155559312
28.3708204583898 9379.338197992342
35.71674682851676 4548.110216896889
44.964720209038475 2109.9989070639263
56.607228905373276 846.551541950964
71.26427896022375 350.1346617653488
89.71641173621413 160.34331077975085
112.94627058970849 117.6113688535468
142.19093021276416 97.49313361213484
179.00777537149975 48.77567862432839
225.35743732392314 29.569367682578353
283.70820458389824 38.77953751466886
357.16746828516796 25.521769562442902
449.6472020903851 32.18021649193093
566.0722890537331 54.60394428033857
712.6427896022379 56.84264599122307
