0.5660722890537327 8218947.009232664
0.7126427896022374 9611539.734735077
0.8971641173621409 9634362.021100948
1.1294627058970836 6208224.748867604
1.4219093021276406 8297287.966990188
1.7900777537149968 6237742.204176995
2.25357437323923 4645994.628540223
2.8370820458389803 3568936.112461121
3.5716746828516763 2192254.5649790764
4.496472020903847 1404843.8319052574
5.660722890537327 832853.2969355757
7.126427896022376 524515.454095542
8.971641173621409 295224.3790751654
11.294627058970837 173140.4902184185
14.219093021276404 104580.4004172723
17.900777537149963 56746.12699633239
22.535743732392305 27832.54726069421
28.3708204583898 15233.263894651136
35.71674682851676 7372.955651372415
44.964720209038475 3760.8270675129047
56.607228905373276 1441.055375618793
71.26427896022375 517.6500685707314
89.71641173621413 220.90215776952797
112.94627058970849 132.44212797584154
142.19093021276416 88.85012531318671
179.00777537149975 67.74881116203339
225.35743732392314 70.38464759685684
283.70820458389824 53.5340416869166
357.16746828516796 73.40235433984647
449.6472020903851 78.68765354193064
566.0722890537331 45.19051030576412
712.6427896022379 81.62668773578987
