0.5660722890537327 24656841.02769799
0.7126427896022374 9611539.734735077
0.8971641173621409 23397736.336959444
1.1294627058970836 13451153.622546474
1.4219093021276406 15038834.440169714
1.7900777537149968 10569507.623744354
2.25357437323923 9335409.767627552
2.8370820458389803 6463256.252444834
3.5716746828516763 4559016.956026139
4.496472020903847 2837019.255870928
5.660722890537327 1764333.9579819432
7.126427896022376 1060015.5250307813
8.971641173621409 613158.3257714973
11.294627058970837 341452.36118771776
14.219093021276404 192566.2249005642
17.900777537149963 107860.9589472272
22.535743732392305 59963.72506555179
28.3708204583898 33273.80070703084
35.71674682851676 18236.06782410455
44.964720209038475 10232.948067418833
56.607228905373276 5660.114840358225
71.26427896022375 3855.6005107337232
89.71641173621413 2042.4847484733928
112.94627058970849 864.667746967278
142.19093021276416 282.10779087766673
179.00777537149975 110.63328881575019
225.35743732392314 54.31905869442807
283.70820458389824 39.69353334834792
357.16746828516796 52.505042168205186
449.6472020903851 41.87746535496566
566.0722890537331 106.97781427217201
712.6427896022379 270.00737422817696
