0.5660722890537327 24656841.02769799
0.7126427896022374 6865385.52481077
0.8971641173621409 13763374.315858496
1.1294627058970836 11726646.74786103
1.4219093021276406 11063050.622653583
1.7900777537149968 9183342.689482799
2.25357437323923 8249897.003949929
2.8370820458389803 6746159.724774069
3.5716746828516763 4057306.956080679
4.496472020903847 2804221.345398432
5.660722890537327 1764333.9579819432
7.126427896022376 1066880.910555592
8.971641173621409 588384.2520029519
11.294627058970837 346280.980436837
14.219093021276404 198097.75021189102
17.900777537149963 104915.35846192141
22.535743732392305 62091.330082359935
28.3708204583898 33861.369457253095
35.71674682851676 18574.176737111273
44.964720209038475 12747.45453697688
56.607228905373276 15637.916509566674
71.26427896022375 5591.169971405884
89.71641173621413 1744.5076945350575
112.94627058970849 766.7157564851452
142.19093021276416 346.23891245586185
179.00777537149975 159.49560274846993
225.35743732392314 88.05679538952849
283.70820458389824 72.85852502755968
357.16746828516796 47.4661286904921
449.6472020903851 122.38540292811985
566.0722890537331 62.95987373972508
712.6427896022379 26.229891936091946
