0.5660722890537327 5479298.006155109
0.7126427896022374 12357693.944659386
0.8971641173621409 8946193.305308023
1.1294627058970836 8622534.373427227
1.4219093021276406 7951567.635032264
1.7900777537149968 8836801.45591741
2.25357437323923 6773599.645348363
2.8370820458389803 6180352.780115599
3.5716746828516763 5104353.912488596
4.496472020903847 4094272.4906499526
5.660722890537327 2917726.1882775924
7.126427896022376 1806969.4701301919
8.971641173621409 1182273.8537322474
11.294627058970837 690147.6512491144
14.219093021276404 410542.89420003595
17.900777537149963 256873.68938034432
22.535743732392305 164563.73497352737
28.3708204583898 97449.3653146397
35.71674682851676 62408.36129756354
44.964720209038475 40505.41943353288
56.607228905373276 20314.497357820055
71.26427896022375 9844.96284257863
89.71641173621413 6669.731193465001
112.94627058970849 2937.1801089642363
142.19093021276416 1321.6888290751472
179.00777537149975 807.1811682821805
225.35743732392314 375.8045187851918
283.70820458389824 142.12635213709444
357.16746828516796 43.52879586483317
449.6472020903851 34.50886813547816
566.0722890537331 15.876265972834378
712.6427896022379 19.11735253238801
