0.5660722890537327 16437894.018465327
0.7126427896022374 4119231.314886462
0.8971641173621409 8946193.305308023
1.1294627058970836 14485857.747357741
1.4219093021276406 9680169.294821886
1.7900777537149968 8750166.147526063
2.25357437323923 8901204.662156502
2.8370820458389803 6833206.947029219
3.5716746828516763 5071633.695100849
4.496472020903847 3569505.923090012
5.660722890537327 2084872.8913420166
7.126427896022376 1263230.9365651796
8.971641173621409 787953.1795829006
11.294627058970837 423193.9870478078
14.219093021276404 229039.7199221253
17.900777537149963 151525.15437646618
22.535743732392305 83454.22127153551
28.3708204583898 46766.12015657899
35.71674682851676 25816.2515189327
44.964720209038475 12681.858716031888
56.607228905373276 5503.954847182804
71.26427896022375 3141.6004161534042
89.71641173621413 1783.733311335254
112.94627058970849 936.4072329541922
142.19093021276416 636.1254108025819
179.00777537149975 471.7292541908847
225.35743732392314 375.7610982746447
283.70820458389824 341.26863485131145
357.16746828516796 361.0675988737916
449.6472020903851 582.7587395937259
566.0722890537331 756.6937942990213
712.6427896022379 143.99322292027568
