0.5660722890537327 16437894.018465327
0.7126427896022374 24715387.88931877
0.8971641173621409 13075205.600065572
1.1294627058970836 15175660.49723192
1.4219093021276406 14347393.776253866
1.7900777537149968 10742778.240527047
2.25357437323923 9682773.85200439
2.8370820458389803 8269486.114239182
3.5716746828516763 5802385.21676054
4.496472020903847 3197796.271068387
5.660722890537327 1917754.302154286
7.126427896022376 1134161.6886987374
8.971641173621409 626233.5313715629
11.294627058970837 363870.95055862854
14.219093021276404 209333.66100052357
17.900777537149963 122329.05544858218
22.535743732392305 62395.27365618967
28.3708204583898 35145.31598551655
35.71674682851676 16261.948041710459
44.964720209038475 9156.08334023854
56.607228905373276 5745.043959453629
71.26427896022375 2059.6156574432284
89.71641173621413 737.7168633300124
112.94627058970849 393.8773701781538
142.19093021276416 509.24604897402344
179.00777537149975 1114.2167012211144
225.35743732392314 316.5355218883938
283.70820458389824 99.36440420425252
357.16746828516796 70.27212020975198
449.6472020903851 180.9843363056465
566.0722890537331 128.5004968403492
712.6427896022379 30.334019402823813
