0.5660722890537327 16437894.018465327
0.7126427896022374 17850002.364508
0.8971641173621409 15139711.747444347
1.1294627058970836 13451153.622546474
1.4219093021276406 11581631.12059047
1.7900777537149968 6930824.671307772
2.25357437323923 6295974.029330209
2.8370820458389803 3612459.7235886953
3.5716746828516763 2094093.9128158342
4.496472020903847 1382978.5582569265
5.660722890537327 641077.8667201471
7.126427896022376 354253.89308023517
8.971641173621409 198192.59014836277
11.294627058970837 118646.0729783585
14.219093021276404 76231.33319672247
17.900777537149963 41844.853953020676
22.535743732392305 22057.619357929263
28.3708204583898 13427.034032856787
35.71674682851676 5769.6649993727915
44.964720209038475 2929.9466688763328
56.607228905373276 1673.925540880385
71.26427896022375 731.8500969448271
89.71641173621413 375.05195010714255
112.94627058970849 165.55265996980194
142.19093021276416 105.963281745104
179.00777537149975 157.76289658064297
225.35743732392314 52.451976740902566
283.70820458389824 39.41062987601869
357.16746828516796 24.169333910416015
449.6472020903851 22.821879370445323
566.0722890537331 18.021411142244098
712.6427896022379 13.82825952407381
