0.5660722890537327 10958596.012310218
0.7126427896022374 8238462.629772924
0.8971641173621409 13763374.315858496
1.1294627058970836 14140956.372420652
1.4219093021276406 9334448.962863961
1.7900777537149968 7623907.13843855
2.25357437323923 5818348.413312055
2.8370820458389803 4569979.168395338
3.5716746828516763 2377669.130176312
4.496472020903847 1639895.523624814
5.660722890537327 958877.151077143
7.126427896022376 558842.3817195958
8.971641173621409 388127.1557072104
11.294627058970837 256261.72157825687
14.219093021276404 141572.4759367703
17.900777537149963 76758.88323473358
22.535743732392305 44809.96688461221
28.3708204583898 28007.443760594302
35.71674682851676 14364.17543322111
44.964720209038475 7740.306871509118
56.607228905373276 3372.507922788468
71.26427896022375 1434.865574685449
89.71641173621413 955.8663462363687
112.94627058970849 625.9959955108136
142.19093021276416 286.25643486116184
179.00777537149975 401.3813837771109
225.35743732392314 194.26336418774676
283.70820458389824 127.1977535203364
357.16746828516796 106.58065477102224
449.6472020903851 18.344964590949584
566.0722890537331 26.771850058073777
712.6427896022379 17.4380792330193
