0.5660722890537327 21917192.024620436
0.7126427896022374 12357693.944659386
0.8971641173621409 23397736.336959444
1.1294627058970836 14830759.12229483
1.4219093021276406 13828813.27831698
1.7900777537149968 12562119.716745337
2.25357437323923 10855127.636776222
2.8370820458389803 7790726.391835861
3.5716746828516763 5911452.608053031
4.496472020903847 3503910.1021450195
5.660722890537327 2271169.0235512904
7.126427896022376 1250873.2426205203
8.971641173621409 694362.2342350626
11.294627058970837 375597.59730648954
14.219093021276404 211235.12282629218
17.900777537149963 125274.65593388799
22.535743732392305 73641.18588788982
28.3708204583898 42413.75904382152
35.71674682851676 23471.302606144134
44.964720209038475 14004.707771755904
56.607228905373276 6671.045322493842
71.26427896022375 3331.0850566381814
89.71641173621413 1677.0671603873511
112.94627058970849 863.2881414675297
142.19093021276416 589.4531659882621
179.00777537149975 501.70507089429077
225.35743732392314 506.84761961635405
283.70820458389824 155.92333686453557
357.16746828516796 148.08079715781508
449.6472020903851 113.57369764784251
566.0722890537331 78.50738183219015
712.6427896022379 31.816942676182933
