0.5660722890537327 27396490.030775547
0.7126427896022374 8238462.629772924
0.8971641173621409 11698868.168479722
1.1294627058970836 8967435.748364316
1.4219093021276406 11408770.954611508
1.7900777537149968 9269977.997874146
2.25357437323923 7598589.345743356
2.8370820458389803 5418689.585383043
3.5716746828516763 3937332.8256589384
4.496472020903847 2733159.2060413565
5.660722890537327 1528724.1437172736
7.126427896022376 1005092.4408322951
8.971641173621409 573244.5402555076
11.294627058970837 327656.30619023426
14.219093021276404 191529.06390469044
17.900777537149963 99977.14588361462
22.535743732392305 61092.65833977652
28.3708204583898 37190.92570851256
35.71674682851676 17668.917389383598
44.964720209038475 11173.15483429706
56.607228905373276 6799.808825638487
71.26427896022375 3473.8850755542453
89.71641173621413 1500.895969144363
112.94627058970849 502.1764019083992
142.19093021276416 108.21046390283051
179.00777537149975 52.41436157676497
225.35743732392314 25.704942243886027
283.70820458389824 18.27991667358128
357.16746828516796 14.25510804192858
449.6472020903851 14.316287921244623
566.0722890537331 20.147378768632272
712.6427896022379 7.826539498284253
