0.5660722890537327 19177543.02154288
0.7126427896022374 20596156.57443231
0.8971641173621409 11698868.168479722
1.1294627058970836 15175660.49723192
1.4219093021276406 15211694.606148677
1.7900777537149968 10309601.698570311
2.25357437323923 11419594.273888586
2.8370820458389803 9923383.337087018
3.5716746828516763 8147334.129549105
4.496472020903847 5378857.31748939
5.660722890537327 3572502.3000131273
7.126427896022376 2125523.358481411
8.971641173621409 1173327.6604269394
11.294627058970837 691527.2567488628
14.219093021276404 427310.3302999953
17.900777537149963 212343.14086719186
22.535743732392305 121881.37310572331
28.3708204583898 70486.48822110718
35.71674682851676 42143.63999541865
44.964720209038475 24642.16340166886
56.607228905373276 15514.632304428183
71.26427896022375 15329.032799797467
89.71641173621413 7688.909061554318
112.94627058970849 6095.786900638082
142.19093021276416 2283.3099324161153
179.00777537149975 691.6963021965149
225.35743732392314 275.58998044247403
283.70820458389824 242.42651398058982
357.16746828516796 66.901937818814
449.6472020903851 80.84684931470332
566.0722890537331 58.521642354739456
712.6427896022379 29.04332692415939
