0.5660722890537327 32875788.036930654
0.7126427896022374 24715387.88931877
0.8971641173621409 25462242.48433822
1.1294627058970836 25522701.74534459
1.4219093021276406 17631736.929854147
1.7900777537149968 11262590.09087513
2.25357437323923 8510420.067232559
2.8370820458389803 5026977.085234871
3.5716746828516763 2650337.6084075402
4.496472020903847 1585232.339503987
5.660722890537327 887646.2769971266
7.126427896022376 469592.3698970559
8.971641173621409 276643.8237487564
11.294627058970837 137960.54997483548
14.219093021276404 76058.4730307435
17.900777537149963 44703.81912993513
22.535743732392305 23056.291100512673
28.3708204583898 9836.336114831876
35.71674682851676 5006.193260325353
44.964720209038475 2465.309603849302
56.607228905373276 1175.3094223202704
71.26427896022375 862.2924219162315
89.71641173621413 234.66553208538642
112.94627058970849 97.60708910719573
142.19093021276416 57.38957510501554
179.00777537149975 32.4016053383638
225.35743732392314 19.756332298932673
283.70820458389824 13.122368754963704
357.16746828516796 12.06285347694951
449.6472020903851 12.545200755729825
566.0722890537331 13.051687850661429
712.6427896022379 17.99829469184386
