0.5660722890537327 19177543.02154288
0.7126427896022374 12357693.944659386
0.8971641173621409 10322530.736893872
1.1294627058970836 6208224.748867604
1.4219093021276406 11235910.788632546
1.7900777537149968 7797177.755221244
2.25357437323923 6513076.582065734
2.8370820458389803 4874644.44628836
3.5716746828516763 2639430.869278291
4.496472020903847 1607097.6131523177
5.660722890537327 1008190.833132539
7.126427896022376 531380.8396203527
8.971641173621409 328944.6461490188
11.294627058970837 193144.76996476966
14.219093021276404 123422.15850897922
17.900777537149963 64370.03413477093
22.535743732392305 37906.10570762253
28.3708204583898 21174.23681356508
35.71674682851676 11593.863694391828
44.964720209038475 5143.80562576983
56.607228905373276 1986.245527231226
71.26427896022375 1022.9424431968034
89.71641173621413 598.7067827398422
112.94627058970849 355.24841618519997
142.19093021276416 151.25264523159217
179.00777537149975 140.78237613593896
225.35743732392314 53.6677510362215
283.70820458389824 33.14322987364796
357.16746828516796 49.091232820750214
449.6472020903851 124.16742273045881
566.0722890537331 32.19361543516424
712.6427896022379 27.61120750368387
