0.5660722890537327 32875788.036930654
0.7126427896022374 26088464.994280923
0.8971641173621409 25462242.48433822
1.1294627058970836 25177800.370407503
1.4219093021276406 18496037.75974896
1.7900777537149968 17586967.603443474
2.25357437323923 12722209.590301733
2.8370820458389803 8182438.8919840325
3.5716746828516763 6020519.999345523
4.496472020903847 3728029.1570404107
5.660722890537327 2115009.03037587
7.126427896022376 1209680.9294716557
8.971641173621409 621416.3503610124
11.294627058970837 414571.45267438056
14.219093021276404 268624.6979313077
17.900777537149963 149532.54228346518
22.535743732392305 87535.74926296338
28.3708204583898 56406.60002133677
35.71674682851676 27801.27804045604
44.964720209038475 14862.91976245289
56.607228905373276 7643.620718586373
71.26427896022375 3368.1581384721594
89.71641173621413 1590.3579021974429
112.94627058970849 782.9261211071884
142.19093021276416 356.7833825805785
179.00777537149975 174.1369698666076
225.35743732392314 64.69656071518611
283.70820458389824 35.4717430689732
357.16746828516796 21.355395215069745
449.6472020903851 18.31763299888917
566.0722890537331 38.289334467011784
712.6427896022379 38.82512821990974
