0.5660722890537327 16437894.018465327 8218947.009232664 27067732.150406234
0.7126427896022374 13044232.497140463 9611539.734735077 23177541.531761155
0.8971641173621409 13763374.315858496 7569855.873722173 17204217.894823123
1.1294627058970836 12071548.122798119 7035988.048716617 17231272.691856973
1.4219093021276406 10630900.20770618 8988728.630906036 12743251.435969096
1.7900777537149968 7537271.830047202 7107560.70042612 9235323.874517607
2.25357437323923 6404525.305697972 5036779.223464168 7845217.845650911
2.8370820458389803 3764792.3625352066 3210301.5567699056 5020883.77967701
3.5716746828516763 2508549.9997273013 2193999.643239756 2905555.3040319695
4.496472020903847 1382978.5582569265 1224455.3243065279 1681876.8490296092
5.660722890537327 799977.5088986449 745184.528837094 1006218.285850323
7.126427896022376 476457.75542186666 399565.4375439862 583557.7696089145
8.971641173621409 286278.1857698573 223654.83263270103 381135.36155475426
11.294627058970837 146927.9857231998 128648.21285153407 224930.8806789717
14.219093021276404 76922.77386063832 72082.68921322736 123588.10426831903
17.900777537149963 47172.925419088526 39592.33593484565 71938.49467583903
22.535743732392305 26204.278115177774 21883.937315740844 37855.73791538789
28.3708204583898 14330.148963753962 9874.636892624143 21140.28839688557
35.71674682851676 6227.748042801255 4984.379782066854 11510.972477009534
44.964720209038475 3566.7727638839688 2306.7863698989036 5123.908226749848
56.607228905373276 1753.375361969634 1134.214687274107 2745.1283010837083
71.26427896022375 1060.0155250307816 499.8000662062234 1475.2889646555345
89.71641173621413 349.245623264908 187.87005941146774 662.0183045927911
112.94627058970849 198.83564265123087 117.6113688535468 348.72288217139027
142.19093021276416 97.49313361213484 72.7741298771432 209.1677152411837
179.00777537149975 80.05102495360468 48.77567862432839 156.72327287994682
225.35743732392314 53.059863888562035 34.30220333221277 189.43500341490858
283.70820458389824 38.99715557030673 30.684145844940005 62.543429190324524
357.16746828516796 30.277107822795514 25.645233849386003 137.19630777638963
449.6472020903851 32.67218514901837 21.027177709390326 82.27421437846634
566.0722890537331 28.032088599489448 18.70906304201656 54.22740692135558
712.6427896022379 20.640095041791035 17.460487851372285 49.48707193994083
