0.5660722890537327 13698245.015387774
0.7126427896022374 26088464.994280923
0.8971641173621409 19956892.75799482
1.1294627058970836 20694082.496225346
1.4219093021276406 17631736.929854147
1.7900777537149968 16720614.519530002
2.25357437323923 12722209.590301733
2.8370820458389803 9248767.364609612
3.5716746828516763 6456789.564515488
4.496472020903847 3968547.16717205
5.660722890537327 2476642.6987821064
7.126427896022376 1412896.3410060543
8.971641173621409 734276.0197510524
11.294627058970837 426643.00079717865
14.219093021276404 233706.94440355728
17.900777537149963 138963.03465972084
22.535743732392305 72338.57057147668
28.3708204583898 46200.31321192052
35.71674682851676 28172.10717085051
44.964720209038475 15628.204340144468
56.607228905373276 8443.59822748502
71.26427896022375 3781.4543470657673
89.71641173621413 1886.9586187041923
112.94627058970849 1020.2182670639045
142.19093021276416 598.0961742872101
179.00777537149975 429.8844002378641
225.35743732392314 329.38799301033686
283.70820458389824 252.82865704008012
357.16746828516796 304.35255540169624
449.6472020903851 397.41228119523737
566.0722890537331 1107.1277775806764
712.6427896022379 1541.8008196198987
