0.5660722890537327 16437894.018465327
0.7126427896022374 17850002.364508
0.8971641173621409 13763374.315858496
1.1294627058970836 14485857.747357741
1.4219093021276406 10544470.124716697
1.7900777537149968 8143718.988786633
2.25357437323923 7034122.708630992
2.8370820458389803 4787597.22403321
3.5716746828516763 3315648.6952917376
4.496472020903847 2109998.9070639275
5.660722890537327 1282155.7334402942
7.126427896022376 834830.8798169883
8.971641173621409 462449.37701284647
11.294627058970837 236257.44183190574
14.219093021276404 137942.41245121206
17.900777537149963 72513.75312355757
22.535743732392305 36646.91090175649
28.3708204583898 20325.526396577374
35.71674682851676 9521.583259834493
44.964720209038475 4646.3706502703035
56.607228905373276 2734.169705071398
71.26427896022375 1456.8348083648434
89.71641173621413 639.9969056874176
112.94627058970849 293.51107007146135
142.19093021276416 117.37205269971552
179.00777537149975 83.86297852282395
225.35743732392314 73.55434486679549
283.70820458389824 73.79428266680252
357.16746828516796 199.98596867391157
449.6472020903851 82.42114901738313
566.0722890537331 29.922446411612956
712.6427896022379 43.95082505273345
