0.5660722890537327 16437894.018465327
0.7126427896022374 8238462.629772924
0.8971641173621409 17204217.894823123
1.1294627058970836 16900167.371917363
1.4219093021276406 12791652.282443207
1.7900777537149968 7104095.2880904665
2.25357437323923 6556497.092612838
2.8370820458389803 4439408.335012614
3.5716746828516763 2454016.304081056
4.496472020903847 1382978.5582569265
5.660722890537327 791758.5618894123
7.126427896022376 583557.7696089145
8.971641173621409 300729.7288015088
11.294627058970837 168311.87096929926
14.219093021276404 103888.95975335647
17.900777537149963 59431.82155646415
22.535743732392305 34302.20333221283
28.3708204583898 15472.643755852796
35.71674682851676 7841.945433930127
44.964720209038475 4509.712689968236
56.607228905373276 2745.1283010837083
71.26427896022375 1476.0578878343135
89.71641173621413 715.0072957088461
112.94627058970849 299.7192948203289
142.19093021276416 123.42215850897921
179.00777537149975 82.04363704660565
225.35743732392314 34.30220333221277
283.70820458389824 26.244737509927408
357.16746828516796 28.6083767360204
449.6472020903851 125.53400233347949
566.0722890537331 27.793739136221703
712.6427896022379 17.013798407586
