0.5660722890537327 13698245.015387774
0.7126427896022374 19223079.469470154
0.8971641173621409 21333230.18958067
1.1294627058970836 16555265.996980276
1.4219093021276406 17631736.929854147
1.7900777537149968 18626591.30413964
2.25357437323923 15718224.818051971
2.8370820458389803 12926512.504889669
3.5716746828516763 11048526.737929376
4.496472020903847 8757042.096156508
5.660722890537327 6334068.495115299
7.126427896022376 4200242.864079222
8.971641173621409 2607471.2641393975
11.294627058970837 1448585.7747357725
14.219093021276404 790489.5390217955
17.900777537149963 428844.7765371684
22.535743732392305 240549.62843096087
28.3708204583898 137099.37505186023
35.71674682851676 76510.77499168267
44.964720209038475 42905.13321643719
56.607228905373276 23289.756175162278
71.26427896022375 13325.713303657687
89.71641173621413 6521.086750853729
112.94627058970849 2624.354561896298
142.19093021276416 1042.3468008531438
179.00777537149975 786.9085061186053
225.35743732392314 436.8537566144212
283.70820458389824 158.16480283760563
357.16746828516796 89.12987216422368
449.6472020903851 131.73827373119337
566.0722890537331 110.09827448667734
712.6427896022379 151.07280847346053
