0.5660722890537327 30136139.033853102
0.7126427896022374 23342310.784356616
0.8971641173621409 19268724.042201895
1.1294627058970836 19314476.99647699
1.4219093021276406 15211694.606148677
1.7900777537149968 11002684.16570109
2.25357437323923 8597261.088326769
2.8370820458389803 5527498.61320198
3.5716746828516763 2912099.347509519
4.496472020903847 1683626.0709214758
5.660722890537327 827373.9989294205
7.126427896022376 451742.36753254797
8.971641173621409 281461.00475930684
11.294627058970837 144513.67609864016
14.219093021276404 62402.51991840546
17.900777537149963 39938.87716841104
22.535743732392305 20147.11689385665
28.3708204583898 9248.767364609617
35.71674682851676 4548.110216896889
44.964720209038475 2104.5325886518435
56.607228905373276 898.6048730094375
71.26427896022375 558.8423817195959
89.71641173621413 323.43929642267335
112.94627058970849 237.29214595671613
142.19093021276416 242.00423237054747
179.00777537149975 291.0946361949261
225.35743732392314 1104.2270037234216
283.70820458389824 1307.1228511888805
357.16746828516796 241.2134425824732
449.6472020903851 78.74778304446356
566.0722890537331 40.74953927177542
712.6427896022379 49.71774889357448
