0.5660722890537327 5479298.006155109
0.7126427896022374 9611539.734735077
0.8971641173621409 4129012.294757549
1.1294627058970836 6898027.498741781
1.4219093021276406 8297287.966990188
1.7900777537149968 7190730.596481814
2.25357437323923 4081527.9914278598
2.8370820458389803 2916081.945547501
3.5716746828516763 2235881.521496073
4.496472020903847 1224455.3243065279
5.660722890537327 745184.528837094
7.126427896022376 422907.74832834274
8.971641173621409 226407.50749587273
11.294627058970837 149342.29534775938
14.219093021276404 77614.21452455416
17.900777537149963 49642.03170824192
22.535743732392305 24576.008969661343
28.3708204583898 12143.087504593334
35.71674682851676 6685.8310862297185
44.964720209038475 3482.0448284966865
56.607228905373276 1753.375361969634
71.26427896022375 1248.1270884105963
89.71641173621413 308.987753391022
112.94627058970849 115.88686197886136
142.19093021276416 54.105231951415256
179.00777537149975 42.36466580336871
225.35743732392314 47.45861802798552
283.70820458389824 44.58993960020005
357.16746828516796 138.47195998494664
449.6472020903851 45.49070182535233
566.0722890537331 18.84330584316736
712.6427896022379 18.789187104302055
