0.5660722890537327 12328420.513848996 8109361.049109561 16547479.978588428
0.7126427896022374 15790386.70706477 9501693.566338105 19937079.564050473
0.8971641173621409 13419289.957962034 10267477.239630438 18360341.337355234
1.1294627058970836 12761350.872672297 9450297.673276242 15893055.357101064
1.4219093021276406 12445931.950485282 8781296.431731284 16470116.614475522
1.7900777537149968 11998990.21220158 9543745.572390802 16256249.266552381
2.25357437323923 11723537.84771832 9003677.06704767 13946667.987730091
2.8370820458389803 10184525.003852466 7977007.44746188 11735706.504439227
3.5716746828516763 8638137.390365316 6564984.41667764 10127125.416290408
4.496472020903847 6163274.009623259 4710873.207532883 7888553.4268448055
5.660722890537327 4225908.587247123 3232018.721910649 5635786.757210893
7.126427896022376 2714573.436510174 1959875.336538777 3769865.5762998853
8.971641173621409 1594142.8301343136 1177621.8332134872 2318770.724489949
11.294627058970837 933648.0219546991 690809.8618889936 1317633.6206996585
14.219093021276404 556523.3043692698 418591.26352801645 740207.9739418349
17.900777537149963 316478.78155359114 233717.804153505 403519.5431882098
22.535743732392305 187533.18505294586 142368.90680226925 226127.07164763453
28.3708204583898 110615.25768073104 83428.66922600279 130706.62704944206
35.71674682851676 64693.32314514123 51870.7062204482 71935.17979218008
44.964720209038475 38731.59910881204 30553.658785231586 41753.270600643125
56.607228905373276 20348.742970358526 17818.56753005628 21894.507730874942
71.26427896022375 12529.328582779639 10751.193731853651 14367.439441650371
89.71641173621413 6595.408972159365 6118.150204382659 7199.703684871445
112.94627058970849 2780.767335430267 2565.8868808169627 4579.655640634636
142.19093021276416 1182.0178149641456 1038.211985682927 1821.7318028124505
179.00777537149975 739.3024041575601 566.6365018274375 797.4502904436644
225.35743732392314 325.6972496138329 252.76294963765008 407.5501224563911
283.70820458389824 150.14557748735004 135.347984940086 201.98089263195743
357.16746828516796 74.81477705708423 54.74790400274398 86.05678934716644
449.6472020903851 61.717468031619866 38.38689306974612 107.31039001127814
566.0722890537331 53.97930430763688 31.985402110930345 85.34149106334715
712.6427896022379 33.4145178878064 23.881820240438273 96.69500065489711
