0.5660722890537327 10958596.012310218
0.7126427896022374 10984616.83969723
0.8971641173621409 7569855.873722173
1.1294627058970836 10347041.248112673
1.4219093021276406 8988728.630906036
1.7900777537149968 7537271.830047202
2.25357437323923 5036779.223464168
2.8370820458389803 3481888.8902059714
3.5716746828516763 2508549.9997273013
4.496472020903847 1202590.050658197
5.660722890537327 753403.4758463267
7.126427896022376 399565.4375439862
8.971641173621409 223654.83263270103
11.294627058970837 130027.81835128243
14.219093021276404 74675.5917029118
17.900777537149963 39592.33593484565
22.535743732392305 21883.937315740844
28.3708204583898 10793.85555963852
35.71674682851676 5104.353912488595
44.964720209038475 2306.7863698989036
56.607228905373276 1134.214687274107
71.26427896022375 499.8000662062234
89.71641173621413 187.87005941146774
112.94627058970849 124.16449497735145
142.19093021276416 72.7741298771432
179.00777537149975 80.05102495360468
225.35743732392314 54.84010482099333
283.70820458389824 38.99715557030673
357.16746828516796 30.277107822795514
449.6472020903851 32.67218514901837
566.0722890537331 18.70906304201656
712.6427896022379 21.183833575356047
