0.5660722890537327 10958596.012310218
0.7126427896022374 6865385.52481077
0.8971641173621409 15139711.747444347
1.1294627058970836 10347041.248112673
1.4219093021276406 9680169.294821886
1.7900777537149968 13688378.725832852
2.25357437323923 12027481.421548055
2.8370820458389803 10445666.670617914
3.5716746828516763 9128940.651181526
4.496472020903847 6947690.701757128
5.660722890537327 4879314.874481119
7.126427896022376 3303623.5145389372
8.971641173621409 2006011.80653638
11.294627058970837 1175768.7871605353
14.219093021276404 685736.2784385443
17.900777537149963 376083.873726838
22.535743732392305 210502.63513236432
28.3708204583898 123781.15004682237
35.71674682851676 66978.28499271892
44.964720209038475 36957.778784091206
56.607228905373276 20382.988582896996
71.26427896022375 11732.943861901591
89.71641173621413 5746.2087768709
112.94627058970849 2511.9167136668075
142.19093021276416 1034.3952332181113
179.00777537149975 451.19668610213546
225.35743732392314 231.69184427935107
283.70820458389824 129.0910306043859
357.16746828516796 82.72761629535445
449.6472020903851 42.58808674853641
566.0722890537331 49.43696626053431
712.6427896022379 37.7857088514534
