0.5660722890537327 21917192.024620436
0.7126427896022374 13730771.04962154
0.8971641173621409 13763374.315858496
1.1294627058970836 14830759.12229483
1.4219093021276406 15211694.606148677
1.7900777537149968 11089319.474092437
2.25357437323923 9378830.278174657
2.8370820458389803 6746159.724774069
3.5716746828516763 4493576.521250644
4.496472020903847 2787822.390162184
5.660722890537327 1704061.679914237
7.126427896022376 983123.2071529008
8.971641173621409 556728.4910764773
11.294627058970837 329035.9116899826
14.219093021276404 182886.05560574232
17.900777537149963 105435.17031226949
22.535743732392305 62525.53518783098
28.3708204583898 35754.646541302594
35.71674682851676 21584.436736784035
44.964720209038475 15934.3181712211
56.607228905373276 9164.125915294415
71.26427896022375 3174.554266672496
89.71641173621413 1578.6590340289633
112.94627058970849 613.2346446381414
142.19093021276416 387.03391162689695
179.00777537149975 494.8608815313744
225.35743732392314 114.67356835490371
283.70820458389824 50.944386824825926
357.16746828516796 50.74905716839608
449.6472020903851 62.217636166325434
566.0722890537331 47.828792295727794
712.6427896022379 66.63131267249824
