0.5660722890537327 16437894.018465327
0.7126427896022374 13730771.04962154
0.8971641173621409 17892386.610616047
1.1294627058970836 11381745.37292394
1.4219093021276406 8643008.298948113
1.7900777537149968 8316989.605569327
2.25357437323923 7294645.771913622
2.8370820458389803 5788640.279967427
3.5716746828516763 3860985.6517541944
4.496472020903847 2755024.4796896875
5.660722890537327 1657487.6468619187
7.126427896022376 977630.8987330521
8.971641173621409 509933.01840255834
11.294627058970837 309376.53331856854
14.219093021276404 176317.36929854174
17.900777537149963 114791.78361853497
22.535743732392305 61874.22752962441
28.3708204583898 34623.03265198565
35.71674682851676 18279.694780621547
44.964720209038475 9555.124584320578
56.607228905373276 4517.681206074885
71.26427896022375 2354.827235010091
89.71641173621413 1014.3606870787671
112.94627058970849 534.2522297775483
142.19093021276416 211.75370332422904
179.00777537149975 131.51239813806484
225.35743732392314 105.33815858727618
283.70820458389824 48.81172987957478
357.16746828516796 43.67058347351341
449.6472020903851 29.775036390614535
566.0722890537331 23.65412949257153
712.6427896022379 38.082293506125225
