0.5660722890537327 30136139.033853102
0.7126427896022374 23342310.784356616
0.8971641173621409 23397736.336959444
1.1294627058970836 23453293.49572206
1.4219093021276406 19014618.257685848
1.7900777537149968 18539955.995748293
2.25357437323923 13503778.780149622
2.8370820458389803 9531670.836938847
3.5716746828516763 7078473.694882689
4.496472020903847 4006811.396056629
5.660722890537327 2547873.5728621227
7.126427896022376 1320900.17497359
8.971641173621409 744598.5504879463
11.294627058970837 444922.77366884437
14.219093021276404 217285.22863555586
17.900777537149963 112625.9009087513
22.535743732392305 63003.16080384913
28.3708204583898 30749.431261631507
35.71674682851676 16545.523259070935
44.964720209038475 8549.32199649736
56.607228905373276 3838.2482533116518
71.26427896022375 2268.3233773974753
89.71641173621413 821.673446656749
112.94627058970849 368.6995698077464
142.19093021276416 104.75326058325126
179.00777537149975 42.01812456980332
225.35743732392314 24.66284999075551
283.70820458389824 17.692347923359023
357.16746828516796 44.499495647336346
449.6472020903851 74.70817373793443
566.0722890537331 28.722480148264992
712.6427896022379 21.88410289888674
