0.5660722890537327 13698245.015387774
0.7126427896022374 17850002.364508
0.8971641173621409 11698868.168479722
1.1294627058970836 18969575.6215399
1.4219093021276406 14865974.274190754
1.7900777537149968 14814637.734920364
2.25357437323923 10985389.168417538
2.8370820458389803 8443580.55874948
3.5716746828516763 6325908.694964499
4.496472020903847 4230930.4509520205
5.660722890537327 2134186.5733974124
7.126427896022376 1314034.7894487793
8.971641173621409 662018.3045927951
11.294627058970837 368354.6684328107
14.219093021276404 201727.81369744922
17.900777537149963 103962.37006961659
22.535743732392305 59790.043023363374
28.3708204583898 31598.141678619213
35.71674682851676 16938.165867723903
44.964720209038475 8204.943936536149
56.607228905373276 4240.976656764053
71.26427896022375 2357.5733892200155
89.71641173621413 1024.683217815661
112.94627058970849 1229.2285002757794
142.19093021276416 372.6865178506431
179.00777537149975 143.90124723802745
225.35743732392314 107.55260462517853
283.70820458389824 136.0548083847978
357.16746828516796 71.46095477484013
449.6472020903851 64.19644343149938
566.0722890537331 37.45374152107313
712.6427896022379 51.4546914313516
