1.1294627058970836 16555265.996980265 8277632.998490132 24832898.995470397
1.4219093021276406 14520253.942232829 8297287.966990188 20577274.158135656
1.7900777537149968 12475484.408353996 8400159.501625026 18713226.612530995
2.25357437323923 11984060.911000963 8336738.025044148 16326111.965711456
2.83708204583898 9749288.892576713 7158763.558263472 12841206.227079613
3.5716746828516763 7765598.260025385 5758758.260243544 10987012.729240406
4.496472020903848 5859893.337752656 4378302.395341761 7861003.182047891
5.660722890537329 4021804.73651785 3355960.442809881 5164567.128681559
7.126427896022374 2724184.9762449125 2250088.9134435803 3341081.057962309
8.971641173621407 1668120.967082052 1472570.9448023343 1966951.350227972
11.294627058970837 1029185.7028122726 858776.8314833557 1229062.947615814
14.219093021276407 620913.7161964311 528924.4502690667 685577.2470858413
17.90077753714997 368373.3312800088 321645.71134605166 409362.22838612297
22.535743732392305 219534.1013261621 188910.4836475 239917.42579739503
28.3708204583898 126218.47226996656 110243.56604170155 136643.24760724322
35.71674682851676 71417.32781832333 61339.500862897126 77973.58684369757
44.96472020903849 37608.27067512893 33261.45427384077 42987.1279926183
56.60722890537329 19856.975974306137 17371.566398714174 22392.35674771423
71.26427896022375 10276.109053536748 8415.97403790242 11664.344929737681
89.71641173621408 4748.364138971191 3468.1501136072943 5640.340901633351
112.94627058970838 1518.9456552229376 834.6061431277642 2019.5217147516305
142.1909302127641 222.64389378090297 57.85975475647814 402.5290969052498
179.00777537149975 8.316989605569317 0.0 40.91958885940102
225.35743732392314 0.0 0.0 1.6951367317589687
283.7082045838981 0.0 0.0 0.0
357.1674682851676 0.0 0.0 0.0
449.6472020903849 0.0 0.0 0.0
566.0722890537331 0.0 0.0 0.0
712.6427896022379 0.0 0.0 0.0
897.164117362141 0.0 0.0 0.0
1129.4627058970837 0.0 0.0 0.0
1421.9093021276408 0.0 0.0 0.0
1790.0777537149975 0.0 0.0 0.0
2253.5743732392316 0.0 0.0 0.0
2837.082045838981 0.0 0.0 0.0
3571.674682851676 0.0 0.0 0.0
4496.47202090385 0.0 0.0 0.0
5660.72289053733 0.0 0.0 0.0
7126.427896022379 0.0 0.0 0.0
8971.64117362141 0.0 0.0 0.0
11294.627058970844 0.0 0.0 0.0
14219.093021276414 0.0 0.0 0.0
17900.777537149967 0.0 0.0 0.0
22535.743732392308 0.0 0.0 0.0
28370.820458389808 0.0 0.0 0.0
35716.746828516785 0.0 0.0 0.0
44964.72020903851 0.0 0.0 0.0
56607.22890537334 0.0 0.0 0.0
71264.27896022382 0.0 0.0 0.0
