1.1294627058970836 11036843.997986844 8056896.118530395 19314476.996476978
1.4219093021276406 8297287.966990188 5420894.805100256 14271335.303223124
1.7900777537149968 12475484.408353996 5433766.542305296 18131037.34014114
2.25357437323923 11463014.784435704 6169186.138532669 15284019.712580938
2.83708204583898 12186611.115720892 6413639.335759396 13440091.116195042
3.5716746828516763 10208707.824977191 5018845.077715283 14766852.241872989
4.496472020903848 9926834.236342186 5125220.143168741 12571657.73684428
5.660722890537329 8547704.88960197 4980462.715674748 11417103.669465277
7.126427896022374 7930893.358261399 4786656.634066464 9480163.717332296
8.971641173621407 5962293.753629909 4130113.3647028236 7737218.505403023
11.294627058970837 4610641.580159001 3612027.9352211524 6088474.991489438
14.219093021276407 3248388.2390766516 2660995.566266861 4097698.6353777656
17.90077753714997 2118060.019551659 1850973.760018142 2638176.82618528
22.535743732392305 1327278.166403901 1203241.3991546195 1603140.8276526113
28.3708204583898 802575.389192477 706537.9298228157 921544.5687930346
35.71674682851676 461834.96168892534 402729.16099969845 499696.17963263555
44.96472020903849 259671.98984757625 227139.9611026438 272852.37680279004
56.60722890537329 144237.04071402724 125461.02065037539 151857.21003714728
71.26427896022375 80418.37988342333 71114.84880487337 85309.17068513013
89.71641173621408 43767.53032443011 40041.950057619 48576.343203396544
112.94627058970838 24700.45686749453 21434.544360050248 27062.12074618375
142.1909302127641 13130.458207761949 11725.118887166265 14313.485526095406
179.00777537149975 6468.538665731537 5880.250267630933 7751.295695897178
225.35743732392314 2361.381045593746 1710.0039145702992 3249.5632202185716
283.7082045838981 486.24578351726467 165.7936213960478 737.143733167727
357.1674682851676 43.45244869092857 11.39885119876086 111.51050085744319
449.6472020903849 0.7871498513399082 0.0 6.863946703684
566.0722890537331 0.0 0.0 0.0
712.6427896022379 0.0 0.0 0.0
897.164117362141 0.0 0.0 0.0
1129.4627058970837 0.0 0.0 0.0
1421.9093021276408 0.0 0.0 0.0
1790.0777537149975 0.0 0.0 0.0
2253.5743732392316 0.0 0.0 0.0
2837.082045838981 0.0 0.0 0.0
3571.674682851676 0.0 0.0 0.0
4496.47202090385 0.0 0.0 0.0
5660.72289053733 0.0 0.0 0.0
7126.427896022379 0.0 0.0 0.0
8971.64117362141 0.0 0.0 0.0
11294.627058970844 0.0 0.0 0.0
14219.093021276414 0.0 0.0 0.0
17900.777537149967 0.0 0.0 0.0
22535.743732392308 0.0 0.0 0.0
28370.820458389808 0.0 0.0 0.0
35716.746828516785 0.0 0.0 0.0
44964.72020903851 0.0 0.0 0.0
56607.22890537334 0.0 0.0 0.0
71264.27896022382 0.0 0.0 0.0
