1.1294627058970836 8277632.998490132 5518421.998993421 16555265.996980265
1.4219093021276406 9680169.294821886 5531525.3113267915 16594575.933980376
1.7900777537149968 8663530.83913472 4851577.269915443 15026027.887395252
2.25357437323923 7989373.940667309 5557825.350029432 13491621.037196444
2.83708204583898 7399013.891687684 5076594.001920303 11114189.337537453
3.5716746828516763 6500416.521032485 5074687.582057038 9583969.8076538
4.496472020903848 5247665.675599393 4117668.3334536576 7813774.1909674965
5.660722890537329 3999887.5444932296 3093830.8261954207 5581870.4648303315
7.126427896022374 2899938.8456800682 2268103.685060684 3700058.3362836144
8.971641173621407 1943388.4533992226 1533129.791792112 2234291.1329392083
11.294627058970837 1187840.3352833334 1010754.1733356345 1398478.5029849121
14.219093021276407 720481.1718003132 581639.886486011 801186.126092571
17.90077753714997 394710.4650309783 310556.3918719592 449727.3512718195
22.535743732392305 219186.73724178527 183852.86257897323 239861.84754389472
28.3708204583898 120821.5444901473 105898.1687067245 132402.30693897235
35.71674682851676 66880.12434055569 57664.36604590534 75198.91240921659
44.96472020903849 36121.432067042435 31482.49560981258 40277.58328211715
56.60722890537329 19922.727550379997 16607.9714285764 22017.13442025273
71.26427896022375 10402.432147193264 8770.118084814258 11912.157885641249
89.71641173621408 4899.761256445635 4027.934073781892 5685.044341411259
112.94627058970838 1590.6851412098522 1144.079248831315 2168.8502140443925
142.1909302127641 254.45016432103196 95.14223535482064 406.2352188638388
179.00777537149975 11.089319474092424 0.6930824671307765 42.05624410549551
225.35743732392314 0.0 0.0 2.431548590637867
283.7082045838981 0.0 0.0 0.0
357.1674682851676 0.0 0.0 0.0
449.6472020903849 0.0 0.0 0.0
566.0722890537331 0.0 0.0 0.0
712.6427896022379 0.0 0.0 0.0
897.164117362141 0.0 0.0 0.0
1129.4627058970837 0.0 0.0 0.0
1421.9093021276408 0.0 0.0 0.0
1790.0777537149975 0.0 0.0 0.0
2253.5743732392316 0.0 0.0 0.0
2837.082045838981 0.0 0.0 0.0
3571.674682851676 0.0 0.0 0.0
4496.47202090385 0.0 0.0 0.0
5660.72289053733 0.0 0.0 0.0
7126.427896022379 0.0 0.0 0.0
8971.64117362141 0.0 0.0 0.0
11294.627058970844 0.0 0.0 0.0
14219.093021276414 0.0 0.0 0.0
17900.777537149967 0.0 0.0 0.0
22535.743732392308 0.0 0.0 0.0
28370.820458389808 0.0 0.0 0.0
35716.746828516785 0.0 0.0 0.0
44964.72020903851 0.0 0.0 0.0
56607.22890537334 0.0 0.0 0.0
71264.27896022382 0.0 0.0 0.0
