1.1294627058970836 28086681.638903122 0.0 56173363.277806245
1.4219093021276406 14076686.272371762 0.0 20270428.232215304
1.7900777537149968 10582583.177233502 7055055.4514890015 17214335.30163315
2.25357437323923 7071807.449637562 3535903.724818781 14143614.899275124
2.83708204583898 7088599.224857166 4536703.503908588 14177198.449714333
3.5716746828516763 8881788.58949647 5329073.153697881 12434504.025295056
4.496472020903848 8012590.295097617 4896582.958115211 11128597.632080024
5.660722890537329 6916113.716102772 5033145.981783179 9370218.583106982
7.126427896022374 6317552.786987832 4821466.834954253 8162501.830975428
8.971641173621407 5015606.619683546 3730042.196716612 6493949.665798092
11.294627058970837 3819788.702890822 2927755.6940392596 4845514.316343563
14.219093021276407 2597148.6172525845 2038304.172239427 3286061.6434224574
17.90077753714997 1756708.8074207637 1376300.217476476 2211336.5807147156
22.535743732392305 1129721.2400795983 942247.624589707 1385649.951681981
28.3708204583898 661897.9526210388 537953.795174411 822064.8521066867
35.71674682851676 408118.1856873626 348627.9657149153 464410.9617675913
44.96472020903849 246609.72352689298 213437.59970518888 288079.3297430759
56.60722890537329 143788.23516220134 124686.37527921039 174018.34511484412
71.26427896022375 84532.21074270435 69365.61145019057 94944.43225640888
89.71641173621408 48530.89757146317 38887.48319028836 54762.57864530463
112.94627058970838 26204.87396909658 21573.941900474245 30526.85253969099
142.1909302127641 13879.612664558532 11632.973535488003 16372.875337121011
179.00777537149975 7090.330728746434 5597.198792993305 7989.426995484191
225.35743732392314 2867.617920828021 1978.1259798126116 3582.5776539863755
283.7082045838981 728.3535703540754 397.17421456874786 1247.9478935361067
357.1674682851676 89.70606475391435 30.198081204288002 269.4734658053229
449.6472020903849 2.6708634316992033 0.0 34.934893686625564
566.0722890537331 0.0 0.0 1.3118306016349723
712.6427896022379 0.0 0.0 0.0
897.164117362141 0.0 0.0 0.0
1129.4627058970837 0.0 0.0 0.0
1421.9093021276408 0.0 0.0 0.0
1790.0777537149975 0.0 0.0 0.0
2253.5743732392316 0.0 0.0 0.0
2837.082045838981 0.0 0.0 0.0
3571.674682851676 0.0 0.0 0.0
4496.47202090385 0.0 0.0 0.0
5660.72289053733 0.0 0.0 0.0
7126.427896022379 0.0 0.0 0.0
8971.64117362141 0.0 0.0 0.0
11294.627058970844 0.0 0.0 0.0
14219.093021276414 0.0 0.0 0.0
17900.777537149967 0.0 0.0 0.0
22535.743732392308 0.0 0.0 0.0
28370.820458389808 0.0 0.0 0.0
35716.746828516785 0.0 0.0 0.0
44964.72020903851 0.0 0.0 0.0
56607.22890537334 0.0 0.0 0.0
71264.27896022382 0.0 0.0 0.0
