1.1294627058970836 13796054.997483555 5739158.878953159 21852951.11601395
1.4219093021276406 13828813.27831698 11063050.622653583 17866826.755585536
1.7900777537149968 12822025.641919386 10451683.604332127 15192367.679506645
2.25357437323923 12852471.12194306 10420922.531305185 15895380.501084177
2.83708204583898 12012516.671210594 10285499.781668432 13363489.560610509
3.5716746828516763 10863112.17273214 9465304.48592757 13531336.833311647
4.496472020903848 9883103.689045524 9193910.263650138 11676056.12820865
5.660722890537329 9555895.72273451 7956817.392618203 11160234.178936725
7.126427896022374 7821047.189864427 6721267.351873941 9373832.626324026
8.971641173621407 6000831.201714313 5311120.9879980115 7091551.089497469
11.294627058970837 4371969.8287025355 3639730.4136560992 5370417.920980416
14.219093021276407 2801717.5701870145 2385802.1820283537 3580832.9102873914
17.90077753714997 1818648.3937511626 1601602.6883444882 2326511.502365912
22.535743732392305 1096281.050293303 980289.2352381891 1403920.5779808068
28.3708204583898 663386.8808064931 600201.0431159253 826475.0745348507
35.71674682851676 403243.95908659894 354313.7097353963 483693.81198220124
44.96472020903849 239271.68953368365 215689.55459848593 270218.0486336391
56.60722890537329 143250.76707291932 129690.16202344614 153765.75911865124
71.26427896022375 81478.39540845412 75005.60008949414 88194.60983658177
89.71641173621408 45776.982974545455 41252.46635544738 50213.85442600013
112.94627058970838 24827.380573471375 22673.761204144204 27401.61406756183
142.1909302127641 13983.695987034105 11138.16873638138 14762.147544097123
179.00777537149975 6714.929482796528 5270.781269334814 8191.680295512073
225.35743732392314 2229.2090114883595 1476.1445184044367 3539.6539143633563
283.7082045838981 347.75365290932194 182.7991667358138 742.874922281006
357.1674682851676 40.61669651732379 1.486806678099243 84.73052986905003
449.6472020903849 1.443108060789832 0.0 6.767739499631344
566.0722890537331 0.0 0.0 0.0
712.6427896022379 0.0 0.0 0.0
897.164117362141 0.0 0.0 0.0
1129.4627058970837 0.0 0.0 0.0
1421.9093021276408 0.0 0.0 0.0
1790.0777537149975 0.0 0.0 0.0
2253.5743732392316 0.0 0.0 0.0
2837.082045838981 0.0 0.0 0.0
3571.674682851676 0.0 0.0 0.0
4496.47202090385 0.0 0.0 0.0
5660.72289053733 0.0 0.0 0.0
7126.427896022379 0.0 0.0 0.0
8971.64117362141 0.0 0.0 0.0
11294.627058970844 0.0 0.0 0.0
14219.093021276414 0.0 0.0 0.0
17900.777537149967 0.0 0.0 0.0
22535.743732392308 0.0 0.0 0.0
28370.820458389808 0.0 0.0 0.0
35716.746828516785 0.0 0.0 0.0
44964.72020903851 0.0 0.0 0.0
56607.22890537334 0.0 0.0 0.0
71264.27896022382 0.0 0.0 0.0
