1.1294627058970836 33110531.99396053 22073687.995973688 48782850.47110185
1.4219093021276406 31114829.876213204 21185741.942381613 52549490.45760452
1.7900777537149968 30495628.553754214 21485556.481054105 42305753.79366267
2.25357437323923 26225988.370451383 18174088.89459624 38460151.422203675
2.83708204583898 23589797.23114544 20369050.00770492 33098835.790297944
3.5716746828516763 20461042.60647138 16745770.989483954 29292883.68377216
4.496472020903848 17076778.71934636 13309829.375211928 22666417.274805646
5.660722890537329 12657178.394218301 9895173.855275635 16876237.858957734
7.126427896022374 8952462.724353243 7239301.8820340615 11260989.799384013
8.971641173621407 6146722.969462413 4894476.120708342 7690533.139723632
11.294627058970837 4060178.9857594077 3241300.345328775 5124185.931385329
14.219093021276407 2590136.727028765 2140257.773458558 3272118.482662244
17.90077753714997 1594436.2156343558 1337011.5256926422 1982326.7491887673
22.535743732392305 1006487.4344818904 873134.3624896221 1252803.3067135068
28.3708204583898 635183.5807958248 531872.4555345234 769016.9440686718
35.71674682851676 384877.0103929434 329523.1279641782 488632.38345992524
44.96472020903849 230634.906442593 189510.69976481248 303049.1943220808
56.60722890537329 134812.64814344043 108085.94750093727 173384.2760437295
71.26427896022375 76639.67169056748 66150.24137800382 94903.13503292168
89.71641173621408 41956.27026446313 35413.71264967662 53607.351997318205
112.94627058970838 23022.85657980053 18426.452528398935 28833.754944740598
142.1909302127641 13165.030240957742 9583.810123898555 15379.0785620694
179.00777537149975 6495.568881949637 4424.998873045785 8327.552182368388
225.35743732392314 2012.6275048794005 1134.2965756875026 3627.7037624711975
283.7082045838981 268.19249176811536 122.05413315728032 754.253735174199
357.1674682851676 27.22322086660585 2.928241321420809 74.51135157450875
449.6472020903849 0.13119164188998472 0.0 8.494221506903543
566.0722890537331 0.0 0.0 0.03682088260136221
712.6427896022379 0.0 0.0 0.0
897.164117362141 0.0 0.0 0.0
1129.4627058970837 0.0 0.0 0.0
1421.9093021276408 0.0 0.0 0.0
1790.0777537149975 0.0 0.0 0.0
2253.5743732392316 0.0 0.0 0.0
2837.082045838981 0.0 0.0 0.0
3571.674682851676 0.0 0.0 0.0
4496.47202090385 0.0 0.0 0.0
5660.72289053733 0.0 0.0 0.0
7126.427896022379 0.0 0.0 0.0
8971.64117362141 0.0 0.0 0.0
11294.627058970844 0.0 0.0 0.0
14219.093021276414 0.0 0.0 0.0
17900.777537149967 0.0 0.0 0.0
22535.743732392308 0.0 0.0 0.0
28370.820458389808 0.0 0.0 0.0
35716.746828516785 0.0 0.0 0.0
44964.72020903851 0.0 0.0 0.0
56607.22890537334 0.0 0.0 0.0
71264.27896022382 0.0 0.0 0.0
