1.1294627058970836 2759210.999496711 0.0 8277632.998490132
1.4219093021276406 2765762.6556633958 1382881.3278316979 4646481.261514504
1.7900777537149968 2772329.86852311 1386164.934261555 4851577.269915443
2.25357437323923 2084184.506261037 1264405.2671316958 3251327.829767218
2.83708204583898 1653897.2228478352 1392755.5560823877 2263227.77863388
3.5716746828516763 1265181.7389928997 785285.2173059378 1745078.2606798615
4.496472020903848 699688.7567465858 509023.57053314114 934084.490256692
5.660722890537329 460261.03251702915 312977.5021115798 563710.1788732376
7.126427896022374 247153.87889318765 167844.94531057365 337447.42931549886
8.971641173621407 140386.41802175686 99096.29507418131 170665.8415166456
11.294627058970837 66221.06398792102 51431.693030618655 99331.59598188153
14.219093021276407 41486.439834950856 30423.389212297297 50281.565079960434
17.90077753714997 19059.76784609641 14055.712433412187 26586.64343913666
22.535743732392305 10941.96865787042 6822.230617161114 13894.563375073552
28.3708204583898 4613.502779522916 3307.794445695675 7137.8722249222465
35.71674682851676 2137.7208693328303 1015.6355477156793 3640.2332517781906
44.96472020903849 437.30547296661547 115.44864486318647 1371.389963223306
56.60722890537329 43.83438404924092 0.0 263.0063042954455
71.26427896022375 0.0 0.0 10.984616839697217
89.71641173621408 0.0 0.0 0.0
112.94627058970838 0.0 0.0 0.0
142.1909302127641 0.0 0.0 0.0
179.00777537149975 0.0 0.0 0.0
225.35743732392314 0.0 0.0 0.0
283.7082045838981 0.0 0.0 0.0
357.1674682851676 0.0 0.0 0.0
449.6472020903849 0.0 0.0 0.0
566.0722890537331 0.0 0.0 0.0
712.6427896022379 0.0 0.0 0.0
897.164117362141 0.0 0.0 0.0
1129.4627058970837 0.0 0.0 0.0
1421.9093021276408 0.0 0.0 0.0
1790.0777537149975 0.0 0.0 0.0
2253.5743732392316 0.0 0.0 0.0
2837.082045838981 0.0 0.0 0.0
3571.674682851676 0.0 0.0 0.0
4496.47202090385 0.0 0.0 0.0
5660.72289053733 0.0 0.0 0.0
7126.427896022379 0.0 0.0 0.0
8971.64117362141 0.0 0.0 0.0
11294.627058970844 0.0 0.0 0.0
14219.093021276414 0.0 0.0 0.0
17900.777537149967 0.0 0.0 0.0
22535.743732392308 0.0 0.0 0.0
28370.820458389808 0.0 0.0 0.0
35716.746828516785 0.0 0.0 0.0
44964.72020903851 0.0 0.0 0.0
56607.22890537334 0.0 0.0 0.0
71264.27896022382 0.0 0.0 0.0
