1.1294627058970836 8277632.998490132 2759210.999496711 12030159.957805658
1.4219093021276406 6222965.975242641 3650806.7054756824 12445931.950485282
1.7900777537149968 6237742.204176998 3659475.4264505054 9509091.449034266
2.25357437323923 5905189.434406271 4390682.026523251 8586840.165795472
2.83708204583898 4526455.55726776 3133700.001185372 6155979.557884153
3.5716746828516763 2923006.0866387687 2355855.6519178133 4568614.886459878
4.496472020903848 2033470.449294765 1455352.6140328986 2814498.0240131416
5.660722890537329 1358865.9055264671 890714.6838805744 1792826.3076139516
7.126427896022374 746953.9450994115 490353.2957240843 934571.2007214401
8.971641173621407 360600.40707549313 270863.2065360956 539964.7011597613
11.294627058970837 215218.45796074334 128468.86413656679 269519.73043083854
14.219093021276407 103024.65892346128 73182.07986885331 145811.0072065739
17.90077753714997 55793.13860402766 30384.735359013328 77486.61982522103
22.535743732392305 26747.03449701659 11782.589742062371 38168.36559132704
28.3708204583898 11142.044448659115 5334.253779795552 19352.3384517648
35.71674682851676 3926.4260865296883 1389.0822955011695 9049.97585988576
44.96472020903849 1005.8025878232156 115.44864486318647 3229.0636123854883
56.60722890537329 109.5859601231023 0.0 1023.9712113902679
71.26427896022375 10.984616839697217 0.0 284.28188381136397
89.71641173621408 0.0 0.0 44.48322578885474
112.94627058970838 0.0 0.0 0.0
142.1909302127641 0.0 0.0 0.0
179.00777537149975 0.0 0.0 0.0
225.35743732392314 0.0 0.0 0.0
283.7082045838981 0.0 0.0 0.0
357.1674682851676 0.0 0.0 0.0
449.6472020903849 0.0 0.0 0.0
566.0722890537331 0.0 0.0 0.0
712.6427896022379 0.0 0.0 0.0
897.164117362141 0.0 0.0 0.0
1129.4627058970837 0.0 0.0 0.0
1421.9093021276408 0.0 0.0 0.0
1790.0777537149975 0.0 0.0 0.0
2253.5743732392316 0.0 0.0 0.0
2837.082045838981 0.0 0.0 0.0
3571.674682851676 0.0 0.0 0.0
4496.47202090385 0.0 0.0 0.0
5660.72289053733 0.0 0.0 0.0
7126.427896022379 0.0 0.0 0.0
8971.64117362141 0.0 0.0 0.0
11294.627058970844 0.0 0.0 0.0
14219.093021276414 0.0 0.0 0.0
17900.777537149967 0.0 0.0 0.0
22535.743732392308 0.0 0.0 0.0
28370.820458389808 0.0 0.0 0.0
35716.746828516785 0.0 0.0 0.0
44964.72020903851 0.0 0.0 0.0
56607.22890537334 0.0 0.0 0.0
71264.27896022382 0.0 0.0 0.0
