1.1294627058970836 8277632.998490132 2759210.999496711 11036843.997986844
1.4219093021276406 6914406.63915849 3650806.7054756824 10178006.572841296
1.7900777537149968 5891200.9706116095 3465412.335653888 9259581.760867188
2.25357437323923 4863097.181275753 3918266.871770749 7294645.77191363
2.83708204583898 3830077.779226566 2437322.2231441783 5522275.7798666665
3.5716746828516763 2748498.2605707822 2094093.9128158342 3402902.60832573
4.496472020903848 1683626.0709214723 1443108.0607898333 2071078.7199698938
5.660722890537329 1062983.813194091 751321.3426039885 1442151.2352200244
7.126427896022374 576692.3840841046 446414.82836529537 755741.6385711692
8.971641173621407 316557.6092647459 227260.83670345583 447915.2537352996
11.294627058970837 162793.44897030585 104850.01798087495 249322.30591452264
14.219093021276407 96110.25228430281 68424.96810111227 128331.38722278131
17.90077753714997 49555.39639985066 37870.02600402574 77237.11013705395
22.535743732392305 29352.265129842875 18577.03123247334 38460.15142220359
28.3708204583898 14362.791672099642 10557.087115104512 19052.89600720709
35.71674682851676 7111.193912270435 4006.699686520961 9988.827964131526
44.96472020903849 2864.3508479313314 1586.544255922881 4876.830634523695
56.60722890537329 712.308740800165 277.0333071912026 1850.6876945589515
71.26427896022375 76.89231787788053 10.984616839697217 381.38589667428744
89.71641173621408 0.0 0.0 27.526748631717048
112.94627058970838 0.0 0.0 2.759210999496708
142.1909302127641 0.0 0.0 0.0
179.00777537149975 0.0 0.0 0.0
225.35743732392314 0.0 0.0 0.0
283.7082045838981 0.0 0.0 0.0
357.1674682851676 0.0 0.0 0.0
449.6472020903849 0.0 0.0 0.0
566.0722890537331 0.0 0.0 0.0
712.6427896022379 0.0 0.0 0.0
897.164117362141 0.0 0.0 0.0
1129.4627058970837 0.0 0.0 0.0
1421.9093021276408 0.0 0.0 0.0
1790.0777537149975 0.0 0.0 0.0
2253.5743732392316 0.0 0.0 0.0
2837.082045838981 0.0 0.0 0.0
3571.674682851676 0.0 0.0 0.0
4496.47202090385 0.0 0.0 0.0
5660.72289053733 0.0 0.0 0.0
7126.427896022379 0.0 0.0 0.0
8971.64117362141 0.0 0.0 0.0
11294.627058970844 0.0 0.0 0.0
14219.093021276414 0.0 0.0 0.0
17900.777537149967 0.0 0.0 0.0
22535.743732392308 0.0 0.0 0.0
28370.820458389808 0.0 0.0 0.0
35716.746828516785 0.0 0.0 0.0
44964.72020903851 0.0 0.0 0.0
56607.22890537334 0.0 0.0 0.0
71264.27896022382 0.0 0.0 0.0
