1.1294627058970836 17934871.49672862 11036843.997986844 24832898.995470397
1.4219093021276406 15903135.270064525 11063050.622653583 22126101.245307166
1.7900777537149968 14554731.809746329 10340790.4095912 19406309.07966177
2.25357437323923 12331424.995377801 9253779.207799004 16228850.022085942
2.83708204583898 10793855.559638504 8029235.780814964 13481873.782877512
3.5716746828516763 8507256.520814326 6341614.399310617 10341333.772788862
4.496472020903848 6340929.358015934 4803363.315065311 7659842.664483249
5.660722890537329 4219059.4647394335 3447135.961632302 5221551.827945573
7.126427896022374 2581384.9573288485 2040502.4241421572 3035269.325145138
8.971641173621407 1687389.6911242541 1303446.601209065 2025528.2713162662
11.294627058970837 965723.8498238483 800723.0320539451 1242859.0026132977
14.219093021276407 596021.8522954606 473885.77342136524 762299.5031539437
17.90077753714997 328174.5481864236 263121.8278215287 448285.7397401875
22.535743732392305 206681.63020421908 161593.7720521054 262190.41088763793
28.3708204583898 115859.85282160377 93363.36870198298 148899.49650076826
35.71674682851676 66138.46607976675 49427.59665549639 89292.16444246715
44.96472020903849 36165.1626143391 27656.947332300624 50528.02356845462
56.60722890537329 17741.96694393026 14609.123515931013 26181.400904930615
71.26427896022375 9325.939696902937 7335.96651022339 13971.993235421272
89.71641173621408 4517.139450464768 3221.5104458671094 7105.644784796912
112.94627058970838 1346.4949677543934 625.2372124859539 3095.062162355447
142.1909302127641 250.99296100145273 39.43977546975995 640.9931530765474
179.00777537149975 9.010072072700094 0.0 66.56364014323977
225.35743732392314 0.0 0.0 1.5422965346331607
283.7082045838981 0.0 0.0 0.0
357.1674682851676 0.0 0.0 0.0
449.6472020903849 0.0 0.0 0.0
566.0722890537331 0.0 0.0 0.0
712.6427896022379 0.0 0.0 0.0
897.164117362141 0.0 0.0 0.0
1129.4627058970837 0.0 0.0 0.0
1421.9093021276408 0.0 0.0 0.0
1790.0777537149975 0.0 0.0 0.0
2253.5743732392316 0.0 0.0 0.0
2837.082045838981 0.0 0.0 0.0
3571.674682851676 0.0 0.0 0.0
4496.47202090385 0.0 0.0 0.0
5660.72289053733 0.0 0.0 0.0
7126.427896022379 0.0 0.0 0.0
8971.64117362141 0.0 0.0 0.0
11294.627058970844 0.0 0.0 0.0
14219.093021276414 0.0 0.0 0.0
17900.777537149967 0.0 0.0 0.0
22535.743732392308 0.0 0.0 0.0
28370.820458389808 0.0 0.0 0.0
35716.746828516785 0.0 0.0 0.0
44964.72020903851 0.0 0.0 0.0
56607.22890537334 0.0 0.0 0.0
71264.27896022382 0.0 0.0 0.0
