1.1294627058970836 5518421.998993422 0.0 11036843.997986844
1.4219093021276406 5531525.3113267915 1382881.3278316979 9680169.294821886
1.7900777537149968 3465412.3356538876 2079247.4013923327 7623907.138438554
2.25357437323923 3299958.8015799755 1389456.337507358 5140988.448777223
2.83708204583898 2350275.0008890294 1678270.4450792773 3655983.334716267
3.5716746828516763 1701451.3041628653 1102889.4607496727 2275582.0519265397
4.496472020903848 918341.4932298939 612227.6621532625 1462349.5016003642
5.660722890537329 547929.8006155109 356811.88616082066 789018.9128863356
7.126427896022374 241661.57047333903 186738.48627485288 389294.8207988697
8.971641173621407 121117.69397955494 77074.8961688077 163618.99386692603
11.294627058970837 55184.21998993419 38628.95399295393 85756.27786435772
14.219093021276407 28349.06722054975 12833.13872227813 46243.55160269188
17.90077753714997 11782.401941223234 5932.785918639463 23370.74079164985
22.535743732392305 6599.917603159937 1736.820421884194 11588.065854811342
28.3708204583898 2959.605556675078 285.5148889968898 5571.022224329558
35.71674682851676 785.2852173059376 0.0 2450.0898779945255
44.96472020903849 218.65273648330773 0.0 830.8803986365695
56.60722890537329 21.91719202462046 0.0 109.5859601231023
71.26427896022375 0.0 0.0 0.0
89.71641173621408 0.0 0.0 0.0
112.94627058970838 0.0 0.0 0.0
142.1909302127641 0.0 0.0 0.0
179.00777537149975 0.0 0.0 0.0
225.35743732392314 0.0 0.0 0.0
283.7082045838981 0.0 0.0 0.0
357.1674682851676 0.0 0.0 0.0
449.6472020903849 0.0 0.0 0.0
566.0722890537331 0.0 0.0 0.0
712.6427896022379 0.0 0.0 0.0
897.164117362141 0.0 0.0 0.0
1129.4627058970837 0.0 0.0 0.0
1421.9093021276408 0.0 0.0 0.0
1790.0777537149975 0.0 0.0 0.0
2253.5743732392316 0.0 0.0 0.0
2837.082045838981 0.0 0.0 0.0
3571.674682851676 0.0 0.0 0.0
4496.47202090385 0.0 0.0 0.0
5660.72289053733 0.0 0.0 0.0
7126.427896022379 0.0 0.0 0.0
8971.64117362141 0.0 0.0 0.0
11294.627058970844 0.0 0.0 0.0
14219.093021276414 0.0 0.0 0.0
17900.777537149967 0.0 0.0 0.0
22535.743732392308 0.0 0.0 0.0
28370.820458389808 0.0 0.0 0.0
35716.746828516785 0.0 0.0 0.0
44964.72020903851 0.0 0.0 0.0
56607.22890537334 0.0 0.0 0.0
71264.27896022382 0.0 0.0 0.0
