1.1294627058970836 24832898.995470397 13796054.997483555 30351320.99446382
1.4219093021276406 16594575.933980376 9182332.016802475 21738894.47351429
1.7900777537149968 15940896.744007884 11782401.941223219 22178638.94818488
2.25357437323923 14241927.45945042 10073558.446928345 21314260.217362873
2.83708204583898 12099563.893465742 9025056.00341387 14972122.227885667
3.5716746828516763 10819485.216215143 7154820.868787434 11866532.17262306
4.496472020903848 7565384.682322459 5359615.876678847 8415506.52176956
5.660722890537329 4898492.417502668 3879342.9883578173 6237632.850206976
7.126427896022374 3234969.659290834 2613020.653827177 4054641.7678690413
8.971641173621407 1954399.1528519094 1684637.0162610824 2469699.887237652
11.294627058970837 1178183.0967850948 1020908.0698137825 1473639.4106112025
14.219093021276407 680377.613293194 603710.6724782048 866181.5485006606
17.90077753714997 408572.11437359394 345848.15109825844 487680.547171901
22.535743732392305 228218.2034355831 192800.96139252058 272805.8573061941
28.3708204583898 121256.78060142303 99275.61603755273 147736.54561143948
35.71674682851676 63957.11825391692 48035.02420347386 84880.60659946846
44.96472020903849 28009.41554351172 22190.628920217932 43968.44147395538
56.60722890537329 13270.859770907688 7868.271936838745 24130.828419107125
71.26427896022375 6173.354663909837 2229.877218458535 12199.076077494141
89.71641173621408 2670.094617276554 368.8584316650085 5794.931121949073
112.94627058970838 791.8935568555552 27.592109994967075 2058.371405624544
142.1909302127641 125.15076016876844 0.0 528.0394062192546
179.00777537149975 4.505036036350047 0.0 60.1595581469514
225.35743732392314 0.0 0.0 7.947690250542051
283.7082045838981 0.0 0.0 0.06267400002370749
357.1674682851676 0.0 0.0 0.0
449.6472020903849 0.0 0.0 0.0
566.0722890537331 0.0 0.0 0.0
712.6427896022379 0.0 0.0 0.0
897.164117362141 0.0 0.0 0.0
1129.4627058970837 0.0 0.0 0.0
1421.9093021276408 0.0 0.0 0.0
1790.0777537149975 0.0 0.0 0.0
2253.5743732392316 0.0 0.0 0.0
2837.082045838981 0.0 0.0 0.0
3571.674682851676 0.0 0.0 0.0
4496.47202090385 0.0 0.0 0.0
5660.72289053733 0.0 0.0 0.0
7126.427896022379 0.0 0.0 0.0
8971.64117362141 0.0 0.0 0.0
11294.627058970844 0.0 0.0 0.0
14219.093021276414 0.0 0.0 0.0
17900.777537149967 0.0 0.0 0.0
22535.743732392308 0.0 0.0 0.0
28370.820458389808 0.0 0.0 0.0
35716.746828516785 0.0 0.0 0.0
44964.72020903851 0.0 0.0 0.0
56607.22890537334 0.0 0.0 0.0
71264.27896022382 0.0 0.0 0.0
