1.1294627058970836 28971715.494715463 21963319.555993818 35980111.43343711
1.4219093021276406 35263473.859708294 32470053.57748827 39495090.7228733
1.7900777537149968 30842169.7873196 24562842.63511476 40365122.885696486
2.25357437323923 29352265.129842937 24065383.765627444 34097258.52243057
2.83708204583898 24460269.453696933 20250665.785437915 32109979.345479447
3.5716746828516763 18017933.041519575 17049414.60684225 22979190.53663242
4.496472020903848 16202167.773413125 13741887.182502944 18844367.441077422
5.660722890537329 11890076.673356587 11541593.320165122 13150315.214772262
7.126427896022374 8892047.331734907 7868500.734611919 9418649.863029992
8.971641173621407 6086164.122472636 5327857.251166095 6437955.969985979
11.294627058970837 3817368.4178036973 3366347.7878259653 4245432.4122656165
14.219093021276407 2445625.628270353 2193083.840181729 2751380.6898539406
17.90077753714997 1568445.6231169517 1474824.043456926 1873984.097926884
22.535743732392305 991377.0968114978 942607.1793649897 1232697.8735097754
28.3708204583898 640145.2724643683 581315.277775448 810326.0738620753
35.71674682851676 405381.67995593185 375355.8634026741 498111.6485719383
44.96472020903849 257157.4833780182 235009.71039415098 309344.64391090814
56.60722890537329 162066.676426056 142192.60504197062 184379.6929386411
71.26427896022375 97450.02829337388 85879.9313761208 108374.66912512634
89.71641173621408 57104.240036497016 50610.459820285905 64591.40555732953
112.94627058970838 32497.987152072226 26053.022099447815 36536.80984469553
142.1909302127641 17340.640410345542 12498.315495183522 18569.496415883346
179.00777537149975 8910.961279900392 5103.304821977333 9593.924743011059
225.35743732392314 3797.3841704075953 1872.7787245092857 4078.2627690347067
283.7082045838981 1131.8750309837078 459.7695003961384 1450.3738534375193
357.1674682851676 175.5548730243941 73.08387755727263 415.8207381113189
449.6472020903849 5.641240601269343 1.9101503059181772 106.1305398452139
566.0722890537331 0.0 0.0 1.983067534387651
712.6427896022379 0.0 0.0 0.0
897.164117362141 0.0 0.0 0.0
1129.4627058970837 0.0 0.0 0.0
1421.9093021276408 0.0 0.0 0.0
1790.0777537149975 0.0 0.0 0.0
2253.5743732392316 0.0 0.0 0.0
2837.082045838981 0.0 0.0 0.0
3571.674682851676 0.0 0.0 0.0
4496.47202090385 0.0 0.0 0.0
5660.72289053733 0.0 0.0 0.0
7126.427896022379 0.0 0.0 0.0
8971.64117362141 0.0 0.0 0.0
11294.627058970844 0.0 0.0 0.0
14219.093021276414 0.0 0.0 0.0
17900.777537149967 0.0 0.0 0.0
22535.743732392308 0.0 0.0 0.0
28370.820458389808 0.0 0.0 0.0
35716.746828516785 0.0 0.0 0.0
44964.72020903851 0.0 0.0 0.0
56607.22890537334 0.0 0.0 0.0
71264.27896022382 0.0 0.0 0.0
